 iy/ix           1           2           3           4           5           6           7           8           9          10          11          12          13          14          15          16          17          18          19          20          21          22          23          24          25          26          27          28          29          30          31          32          33          34          35          36          37          38          39          40
     1  4.9047e-03  1.1449e-02  1.7010e-02  2.6113e-02  4.7899e-02  7.0256e-02  1.1200e-01  1.7718e-01  2.8632e-01  5.1735e-01  8.3447e-01  8.7737e-01  8.9466e-01  9.0446e-01  9.1833e-01  9.1534e-01  9.2007e-01  9.1354e-01  9.1675e-01  9.0276e-01  8.9294e-01  8.8798e-01  8.9283e-01  8.8596e-01  9.0702e-01  9.1538e-01  9.1537e-01  9.1587e-01  9.2061e-01  9.2404e-01  9.2052e-01  9.1684e-01  9.1331e-01  9.2002e-01  9.2253e-01  9.2907e-01  9.5626e-01  1.0147e+00  1.1532e+00  1.5981e+00
     2  1.3394e-02  1.7493e-02  2.2986e-02  3.6403e-02  4.9743e-02  7.4837e-02  1.0725e-01  1.7367e-01  2.8736e-01  5.2014e-01  8.2842e-01  8.7814e-01  8.9626e-01  9.0679e-01  9.0272e-01  9.1271e-01  9.1113e-01  9.1345e-01  9.1549e-01  9.0110e-01  8.9869e-01  8.9311e-01  8.8792e-01  8.9774e-01  9.1317e-01  9.1580e-01  9.2501e-01  9.1460e-01  9.0849e-01  9.1104e-01  9.1671e-01  9.1088e-01  9.1554e-01  9.2379e-01  9.2394e-01  9.3151e-01  9.5704e-01  1.0098e+00  1.1499e+00  1.5980e+00
     3  2.6841e-02  1.9740e-02  2.4745e-02  3.9211e-02  5.8993e-02  7.8278e-02  1.1494e-01  1.7711e-01  2.7928e-01  5.2478e-01  8.3007e-01  8.7655e-01  8.9400e-01  8.9872e-01  9.1655e-01  9.1900e-01  9.1623e-01  9.2121e-01  9.0867e-01  9.0199e-01  8.9139e-01  8.8626e-01  8.9016e-01  8.9762e-01  9.1748e-01  9.2158e-01  9.1662e-01  9.2278e-01  9.1306e-01  9.1249e-01  9.2703e-01  9.2706e-01  9.2702e-01  9.2390e-01  9.2960e-01  9.3260e-01  9.4846e-01  1.0066e+00  1.1392e+00  1.5940e+00
     4  4.0429e-02  3.1692e-02  3.2083e-02  4.2756e-02  5.1329e-02  8.6971e-02  1.1610e-01  1.7550e-01  2.8991e-01  5.2198e-01  8.4551e-01  8.8176e-01  8.9990e-01  9.1034e-01  9.1157e-01  9.1340e-01  9.1877e-01  9.2092e-01  9.1646e-01  9.1025e-01  8.9492e-01  8.9223e-01  8.9530e-01  8.9916e-01  9.2480e-01  9.2116e-01  9.1367e-01  9.1570e-01  9.1143e-01  9.1269e-01  9.1324e-01  9.1743e-01  9.0892e-01  9.1379e-01  9.1756e-01  9.2479e-01  9.4590e-01  9.9774e-01  1.1388e+00  1.5895e+00
     5  5.1167e-02  5.3463e-02  5.2176e-02  6.0439e-02  5.8142e-02  8.4287e-02  1.2320e-01  1.7501e-01  2.8870e-01  5.2294e-01  8.4635e-01  8.8919e-01  9.0805e-01  9.2201e-01  9.2218e-01  9.1853e-01  9.1972e-01  9.2422e-01  9.1548e-01  9.0887e-01  8.9558e-01  8.8892e-01  8.8857e-01  8.9324e-01  9.1047e-01  9.1473e-01  9.1032e-01  9.1237e-01  9.0884e-01  9.1149e-01  9.1634e-01  9.1527e-01  9.1077e-01  9.1024e-01  9.0673e-01  9.1937e-01  9.4331e-01  9.9671e-01  1.1383e+00  1.5838e+00
     6  7.3546e-02  7.8353e-02  7.8645e-02  8.4081e-02  8.1856e-02  9.6378e-02  1.3226e-01  1.8799e-01  2.8794e-01  5.2759e-01  8.6098e-01  9.0283e-01  9.2182e-01  9.3103e-01  9.3879e-01  9.3982e-01  9.4356e-01  9.4078e-01  9.2901e-01  9.1613e-01  8.9280e-01  8.8855e-01  8.9194e-01  8.9106e-01  9.0736e-01  9.1980e-01  9.1556e-01  9.1375e-01  9.0382e-01  9.0354e-01  9.0815e-01  9.1251e-01  8.9746e-01  8.9548e-01  8.9481e-01  9.0998e-01  9.3498e-01  9.8795e-01  1.1210e+00  1.5728e+00
     7  1.1650e-01  1.1294e-01  1.1512e-01  1.1519e-01  1.2579e-01  1.2868e-01  1.5566e-01  1.9951e-01  3.0469e-01  5.3657e-01  8.7884e-01  9.3025e-01  9.4177e-01  9.4446e-01  9.5003e-01  9.5046e-01  9.5552e-01  9.4382e-01  9.3347e-01  9.2031e-01  8.9764e-01  8.8967e-01  8.8523e-01  8.9384e-01  9.1054e-01  9.1308e-01  9.0955e-01  9.0843e-01  9.0253e-01  8.9915e-01  8.9799e-01  8.8354e-01  8.8297e-01  8.7886e-01  8.9236e-01  9.0015e-01  9.1951e-01  9.7206e-01  1.1101e+00  1.5552e+00
     8  1.8148e-01  1.7303e-01  1.7866e-01  1.7704e-01  1.7870e-01  1.8519e-01  2.0501e-01  2.3848e-01  3.2794e-01  5.5554e-01  9.1421e-01  9.5907e-01  9.6002e-01  9.5524e-01  9.5034e-01  9.5588e-01  9.5938e-01  9.5904e-01  9.4462e-01  9.2519e-01  8.9953e-01  8.9448e-01  8.8931e-01  8.8703e-01  8.9618e-01  8.9679e-01  8.9441e-01  8.8824e-01  8.9713e-01  8.8431e-01  8.7867e-01  8.7106e-01  8.5898e-01  8.6368e-01  8.6737e-01  8.7466e-01  9.0319e-01  9.6319e-01  1.0985e+00  1.5469e+00
     9  2.9033e-01  2.8462e-01  2.8170e-01  2.8311e-01  2.8920e-01  2.9561e-01  2.9778e-01  3.2576e-01  3.8856e-01  6.0514e-01  9.6822e-01  9.9747e-01  9.9884e-01  9.8804e-01  9.7577e-01  9.6635e-01  9.5827e-01  9.4982e-01  9.4950e-01  9.3440e-01  9.0403e-01  8.9447e-01  8.9344e-01  8.9221e-01  8.8980e-01  8.9909e-01  8.9456e-01  8.8380e-01  8.7050e-01  8.6066e-01  8.4588e-01  8.4867e-01  8.3887e-01  8.3372e-01  8.4158e-01  8.4566e-01  8.8109e-01  9.3701e-01  1.0819e+00  1.5339e+00
    10  5.1818e-01  5.1730e-01  5.1894e-01  5.2110e-01  5.2948e-01  5.3098e-01  5.3500e-01  5.5646e-01  5.9603e-01  7.4358e-01  1.0474e+00  1.0340e+00  1.0130e+00  9.9924e-01  9.9341e-01  9.7866e-01  9.6491e-01  9.6198e-01  9.4949e-01  9.4363e-01  8.9750e-01  8.8893e-01  8.9056e-01  8.8420e-01  8.8257e-01  8.7592e-01  8.5868e-01  8.5545e-01  8.4861e-01  8.3163e-01  8.2336e-01  8.0711e-01  8.0418e-01  8.0626e-01  8.1435e-01  8.3099e-01  8.6542e-01  9.2742e-01  1.0782e+00  1.5304e+00
    11  8.2975e-01  8.2250e-01  8.2959e-01  8.4031e-01  8.5166e-01  8.5467e-01  8.7792e-01  9.0752e-01  9.6570e-01  1.0471e+00  1.0767e+00  1.0404e+00  1.0292e+00  1.0079e+00  9.9639e-01  9.8790e-01  9.7786e-01  9.7175e-01  9.5768e-01  9.5005e-01  9.0485e-01  8.9157e-01  8.9243e-01  8.8349e-01  8.6189e-01  8.5593e-01  8.3246e-01  8.1013e-01  7.8945e-01  7.7908e-01  7.7850e-01  7.8063e-01  7.8302e-01  7.9643e-01  7.9766e-01  8.1646e-01  8.5486e-01  9.2747e-01  1.0818e+00  1.5339e+00
    12  8.7027e-01  8.7056e-01  8.8085e-01  8.8154e-01  8.9973e-01  9.1018e-01  9.2665e-01  9.5092e-01  9.8663e-01  1.0313e+00  1.0457e+00  1.0354e+00  1.0227e+00  1.0078e+00  9.9417e-01  9.8623e-01  9.8628e-01  9.8131e-01  9.7001e-01  9.5755e-01  9.0329e-01  8.8876e-01  8.8984e-01  8.8400e-01  8.1797e-01  8.0619e-01  7.8229e-01  7.5188e-01  7.3645e-01  7.2370e-01  7.3186e-01  7.3765e-01  7.5877e-01  7.7645e-01  7.9530e-01  8.1875e-01  8.6578e-01  9.3986e-01  1.0809e+00  1.5261e+00
    13  8.8816e-01  8.9477e-01  9.0055e-01  9.0184e-01  9.2008e-01  9.2096e-01  9.4825e-01  9.6436e-01  9.8614e-01  1.0188e+00  1.0276e+00  1.0176e+00  1.0100e+00  1.0029e+00  1.0114e+00  9.9294e-01  9.7190e-01  9.7170e-01  9.7317e-01  9.6778e-01  9.0669e-01  8.8650e-01  8.8945e-01  8.7051e-01  7.5541e-01  7.2243e-01  6.9649e-01  6.7611e-01  6.7233e-01  6.8740e-01  7.0892e-01  7.3243e-01  7.5055e-01  7.7548e-01  8.0136e-01  8.3733e-01  8.7626e-01  9.4847e-01  1.0949e+00  1.5526e+00
    14  8.9995e-01  9.0505e-01  9.0589e-01  9.1444e-01  9.3081e-01  9.2900e-01  9.6005e-01  9.7215e-01  9.7698e-01  1.0043e+00  1.0148e+00  1.0047e+00  9.9966e-01  9.9523e-01  1.0011e+00  9.9659e-01  9.9416e-01  9.7039e-01  9.6960e-01  9.7625e-01  9.0706e-01  8.9377e-01  8.9461e-01  8.5326e-01  6.5477e-01  5.9857e-01  5.8020e-01  6.0006e-01  6.4349e-01  6.8287e-01  7.1771e-01  7.5476e-01  7.7878e-01  7.9792e-01  8.2525e-01  8.5239e-01  8.8957e-01  9.5953e-01  1.1126e+00  1.5658e+00
    15  9.1035e-01  9.1142e-01  9.0984e-01  9.1923e-01  9.2929e-01  9.3881e-01  9.5162e-01  9.5633e-01  9.7808e-01  9.8898e-01  9.8917e-01  1.0012e+00  9.9010e-01  9.8116e-01  9.8202e-01  9.8837e-01  9.7740e-01  9.7887e-01  9.7701e-01  9.8564e-01  9.0731e-01  8.9135e-01  8.9139e-01  8.2166e-01  5.0168e-01  4.8931e-01  5.4492e-01  6.2189e-01  6.7499e-01  7.3289e-01  7.7015e-01  7.9738e-01  8.2091e-01  8.4272e-01  8.6389e-01  8.8274e-01  9.1390e-01  9.8002e-01  1.1306e+00  1.5706e+00
    16  9.1170e-01  9.1865e-01  9.1338e-01  9.2033e-01  9.2667e-01  9.4089e-01  9.4974e-01  9.5095e-01  9.6967e-01  9.7007e-01  9.8301e-01  9.7723e-01  9.8095e-01  9.7390e-01  9.8216e-01  9.7581e-01  9.7806e-01  9.8096e-01  9.8790e-01  9.9734e-01  9.0642e-01  8.8749e-01  8.8383e-01  7.6464e-01  3.8896e-01  5.0870e-01  6.2992e-01  7.1495e-01  7.7989e-01  8.1231e-01  8.3154e-01  8.5760e-01  8.7115e-01  8.8038e-01  9.0162e-01  9.2222e-01  9.4194e-01  1.0025e+00  1.1409e+00  1.5963e+00
    17  9.1836e-01  9.1681e-01  9.1276e-01  9.2752e-01  9.2748e-01  9.3502e-01  9.4539e-01  9.5181e-01  9.5822e-01  9.7119e-01  9.6887e-01  9.7222e-01  9.8162e-01  9.7824e-01  9.7475e-01  9.7166e-01  9.6829e-01  9.7229e-01  9.9041e-01  1.0082e+00  9.1049e-01  8.8796e-01  8.7712e-01  6.4318e-01  5.1292e-01  6.9524e-01  8.0602e-01  8.6294e-01  8.8097e-01  9.0155e-01  9.0897e-01  9.1439e-01  9.1511e-01  9.2999e-01  9.3914e-01  9.3668e-01  9.6884e-01  1.0216e+00  1.1592e+00  1.6083e+00
    18  9.2265e-01  9.1716e-01  9.1100e-01  9.2923e-01  9.3114e-01  9.3786e-01  9.4339e-01  9.5327e-01  9.6587e-01  9.6750e-01  9.6929e-01  9.6858e-01  9.7566e-01  9.7771e-01  9.7039e-01  9.7574e-01  9.6710e-01  9.7094e-01  9.8295e-01  1.0091e+00  9.0529e-01  8.8425e-01  8.4204e-01  4.6166e-01  7.7506e-01  9.2830e-01  9.7073e-01  9.7090e-01  9.6895e-01  9.6493e-01  9.7078e-01  9.7423e-01  9.6464e-01  9.5308e-01  9.5341e-01  9.6092e-01  9.8371e-01  1.0411e+00  1.1707e+00  1.6200e+00
    19  9.2272e-01  9.1650e-01  9.1655e-01  9.2660e-01  9.3817e-01  9.3507e-01  9.4482e-01  9.4957e-01  9.5267e-01  9.5941e-01  9.5890e-01  9.7462e-01  9.6786e-01  9.7263e-01  9.6595e-01  9.6908e-01  9.7396e-01  9.7749e-01  9.9365e-01  1.0091e+00  8.9380e-01  8.2631e-01  6.9794e-01  4.5658e-01  1.0031e+00  1.0885e+00  1.0769e+00  1.0526e+00  1.0346e+00  1.0184e+00  1.0036e+00  9.9197e-01  9.8063e-01  9.7968e-01  9.6752e-01  9.8130e-01  9.9515e-01  1.0413e+00  1.1745e+00  1.6283e+00
    20  9.1859e-01  9.2387e-01  9.2040e-01  9.2525e-01  9.3529e-01  9.3662e-01  9.4468e-01  9.4637e-01  9.4915e-01  9.5301e-01  9.5124e-01  9.5659e-01  9.7086e-01  9.6077e-01  9.6241e-01  9.6946e-01  9.7598e-01  9.8335e-01  1.0048e+00  1.0354e+00  8.5035e-01  6.8681e-01  7.5698e-01  8.2635e-01  1.1726e+00  1.1860e+00  1.1491e+00  1.1049e+00  1.0817e+00  1.0520e+00  1.0324e+00  1.0086e+00  9.9046e-01  9.8376e-01  9.8465e-01  9.8922e-01  1.0027e+00  1.0513e+00  1.1909e+00  1.6281e+00
    21  9.1922e-01  9.1444e-01  9.1793e-01  9.2817e-01  9.3238e-01  9.3129e-01  9.3939e-01  9.4908e-01  9.4554e-01  9.4372e-01  9.5451e-01  9.5218e-01  9.5152e-01  9.5931e-01  9.6613e-01  9.6583e-01  9.6950e-01  9.8839e-01  1.0223e+00  1.1134e+00  1.2034e+00  1.1804e+00  1.1947e+00  1.2318e+00  1.2583e+00  1.2062e+00  1.1613e+00  1.1096e+00  1.0721e+00  1.0456e+00  1.0256e+00  1.0170e+00  1.0022e+00  9.9266e-01  9.8923e-01  9.9415e-01  1.0145e+00  1.0501e+00  1.1911e+00  1.6379e+00
    22  9.1355e-01  9.1064e-01  9.2075e-01  9.3187e-01  9.2228e-01  9.3237e-01  9.2180e-01  9.4538e-01  9.4315e-01  9.5171e-01  9.4955e-01  9.5434e-01  9.5032e-01  9.5064e-01  9.5424e-01  9.5978e-01  9.6767e-01  9.7746e-01  1.0247e+00  1.0864e+00  1.1784e+00  1.2146e+00  1.1947e+00  1.1807e+00  1.1689e+00  1.1521e+00  1.1187e+00  1.0932e+00  1.0664e+00  1.0499e+00  1.0334e+00  1.0204e+00  1.0082e+00  1.0023e+00  9.9428e-01  1.0032e+00  1.0253e+00  1.0685e+00  1.1955e+00  1.6458e+00
    23  9.1804e-01  9.2107e-01  9.2091e-01  9.2695e-01  9.2741e-01  9.3034e-01  9.2783e-01  9.4490e-01  9.4403e-01  9.4332e-01  9.3813e-01  9.5222e-01  9.4828e-01  9.4535e-01  9.5185e-01  9.5388e-01  9.5863e-01  9.8895e-01  1.0112e+00  1.0519e+00  1.1149e+00  1.1384e+00  1.1464e+00  1.1433e+00  1.1250e+00  1.1056e+00  1.0827e+00  1.0621e+00  1.0478e+00  1.0300e+00  1.0316e+00  1.0254e+00  1.0131e+00  1.0034e+00  9.9640e-01  9.9740e-01  1.0116e+00  1.0588e+00  1.1904e+00  1.6553e+00
    24  9.1671e-01  9.2314e-01  9.2635e-01  9.2556e-01  9.2779e-01  9.2514e-01  9.2909e-01  9.3567e-01  9.3937e-01  9.3539e-01  9.4210e-01  9.4960e-01  9.5539e-01  9.5429e-01  9.5240e-01  9.5663e-01  9.5877e-01  9.8171e-01  9.9631e-01  1.0266e+00  1.0653e+00  1.0894e+00  1.1052e+00  1.0953e+00  1.0890e+00  1.0823e+00  1.0674e+00  1.0565e+00  1.0456e+00  1.0300e+00  1.0152e+00  1.0043e+00  9.9689e-01  9.9584e-01  9.9699e-01  9.9491e-01  1.0084e+00  1.0571e+00  1.1889e+00  1.6410e+00
    25  9.2719e-01  9.2589e-01  9.2209e-01  9.3023e-01  9.1975e-01  9.2928e-01  9.2137e-01  9.3435e-01  9.4140e-01  9.2919e-01  9.4122e-01  9.4210e-01  9.4269e-01  9.4162e-01  9.4897e-01  9.5426e-01  9.5301e-01  9.7096e-01  9.7765e-01  1.0028e+00  1.0267e+00  1.0456e+00  1.0656e+00  1.0717e+00  1.0669e+00  1.0546e+00  1.0480e+00  1.0425e+00  1.0241e+00  1.0144e+00  1.0048e+00  9.9428e-01  9.9570e-01  9.8850e-01  9.8533e-01  9.9560e-01  1.0199e+00  1.0623e+00  1.1838e+00  1.6496e+00
    26  9.2265e-01  9.2191e-01  9.2181e-01  9.2748e-01  9.1480e-01  9.3252e-01  9.2381e-01  9.2922e-01  9.2895e-01  9.4198e-01  9.3784e-01  9.3478e-01  9.4321e-01  9.4353e-01  9.4719e-01  9.4398e-01  9.4735e-01  9.6117e-01  9.7358e-01  9.8679e-01  9.9780e-01  1.0163e+00  1.0420e+00  1.0447e+00  1.0398e+00  1.0322e+00  1.0225e+00  1.0135e+00  1.0136e+00  1.0002e+00  9.9217e-01  9.9507e-01  9.9238e-01  9.8870e-01  9.9209e-01  9.9790e-01  1.0046e+00  1.0590e+00  1.1852e+00  1.6475e+00
    27  9.1983e-01  9.2493e-01  9.2272e-01  9.1720e-01  9.2313e-01  9.2777e-01  9.2567e-01  9.2847e-01  9.2623e-01  9.3008e-01  9.3350e-01  9.4142e-01  9.5081e-01  9.4338e-01  9.4876e-01  9.4601e-01  9.5057e-01  9.5501e-01  9.6779e-01  9.8147e-01  9.8860e-01  9.9988e-01  1.0078e+00  1.0176e+00  1.0176e+00  1.0164e+00  1.0204e+00  1.0127e+00  1.0073e+00  9.9794e-01  9.9697e-01  9.8483e-01  9.8310e-01  9.8115e-01  9.8574e-01  9.8152e-01  1.0073e+00  1.0622e+00  1.1960e+00  1.6460e+00
    28  9.2395e-01  9.2228e-01  9.1697e-01  9.2084e-01  9.2050e-01  9.2631e-01  9.2193e-01  9.3262e-01  9.3059e-01  9.3046e-01  9.3755e-01  9.3675e-01  9.4151e-01  9.3932e-01  9.4448e-01  9.4207e-01  9.4733e-01  9.5239e-01  9.6574e-01  9.7825e-01  9.7904e-01  9.8308e-01  9.9261e-01  9.9410e-01  9.9636e-01  1.0081e+00  1.0042e+00  1.0071e+00  9.9295e-01  9.9151e-01  9.9548e-01  9.9222e-01  9.8135e-01  9.8140e-01  9.7376e-01  9.8606e-01  1.0090e+00  1.0639e+00  1.1982e+00  1.6496e+00
    29  9.1838e-01  9.2099e-01  9.2273e-01  9.1894e-01  9.2437e-01  9.2556e-01  9.2339e-01  9.3491e-01  9.3162e-01  9.3410e-01  9.2394e-01  9.2980e-01  9.4389e-01  9.4109e-01  9.4213e-01  9.4184e-01  9.4034e-01  9.5024e-01  9.5425e-01  9.5928e-01  9.7844e-01  9.7556e-01  9.8247e-01  9.9152e-01  9.8839e-01  9.9719e-01  1.0002e+00  9.8239e-01  9.7820e-01  9.8021e-01  9.8257e-01  9.8442e-01  9.7711e-01  9.6993e-01  9.7503e-01  9.8158e-01  1.0026e+00  1.0622e+00  1.1904e+00  1.6388e+00
    30  9.2378e-01  9.2305e-01  9.2265e-01  9.1737e-01  9.2714e-01  9.1769e-01  9.2170e-01  9.3366e-01  9.2845e-01  9.3102e-01  9.2497e-01  9.2874e-01  9.3588e-01  9.4044e-01  9.4009e-01  9.4007e-01  9.3080e-01  9.5125e-01  9.4748e-01  9.6082e-01  9.6057e-01  9.5924e-01  9.7273e-01  9.7616e-01  9.7450e-01  9.7609e-01  9.8175e-01  9.8452e-01  9.7591e-01  9.7198e-01  9.7607e-01  9.7245e-01  9.7982e-01  9.7681e-01  9.7638e-01  9.8597e-01  1.0089e+00  1.0594e+00  1.1980e+00  1.6471e+00
    31  9.2926e-01  9.2608e-01  9.2038e-01  9.2296e-01  9.2506e-01  9.1672e-01  9.2314e-01  9.2985e-01  9.2183e-01  9.2411e-01  9.3216e-01  9.2927e-01  9.2989e-01  9.3781e-01  9.3871e-01  9.3811e-01  9.3740e-01  9.4570e-01  9.4354e-01  9.4727e-01  9.5553e-01  9.6236e-01  9.7394e-01  9.7054e-01  9.7139e-01  9.6874e-01  9.6833e-01  9.7216e-01  9.7706e-01  9.7384e-01  9.6841e-01  9.6544e-01  9.7399e-01  9.6889e-01  9.7456e-01  9.7910e-01  1.0076e+00  1.0616e+00  1.1922e+00  1.6476e+00
    32  9.3090e-01  9.2615e-01  9.1700e-01  9.1360e-01  9.2449e-01  9.2226e-01  9.2086e-01  9.2153e-01  9.2148e-01  9.1830e-01  9.2952e-01  9.2380e-01  9.3502e-01  9.3571e-01  9.3678e-01  9.4188e-01  9.3866e-01  9.4264e-01  9.4760e-01  9.4973e-01  9.4592e-01  9.5410e-01  9.5872e-01  9.6583e-01  9.6964e-01  9.6370e-01  9.7262e-01  9.7390e-01  9.7210e-01  9.6758e-01  9.6549e-01  9.5937e-01  9.5498e-01  9.6081e-01  9.7381e-01  9.8524e-01  1.0028e+00  1.0611e+00  1.1916e+00  1.6453e+00
    33  9.2811e-01  9.2312e-01  9.1551e-01  9.1045e-01  9.2738e-01  9.1754e-01  9.2091e-01  9.1493e-01  9.2020e-01  9.2368e-01  9.3736e-01  9.2678e-01  9.3319e-01  9.3133e-01  9.3076e-01  9.3507e-01  9.4450e-01  9.4280e-01  9.3910e-01  9.5087e-01  9.4425e-01  9.5376e-01  9.5864e-01  9.5373e-01  9.5400e-01  9.5899e-01  9.6122e-01  9.6593e-01  9.7153e-01  9.5822e-01  9.6284e-01  9.7137e-01  9.6043e-01  9.6854e-01  9.6756e-01  9.7555e-01  1.0090e+00  1.0655e+00  1.2000e+00  1.6430e+00
    34  9.2524e-01  9.2529e-01  9.1749e-01  9.1487e-01  9.1924e-01  9.1740e-01  9.2973e-01  9.2485e-01  9.2693e-01  9.2812e-01  9.3962e-01  9.3319e-01  9.2658e-01  9.3662e-01  9.3874e-01  9.3710e-01  9.4121e-01  9.3651e-01  9.3771e-01  9.4520e-01  9.4361e-01  9.4194e-01  9.5915e-01  9.5960e-01  9.5235e-01  9.5827e-01  9.5703e-01  9.5917e-01  9.6128e-01  9.6733e-01  9.5970e-01  9.7143e-01  9.6648e-01  9.6663e-01  9.7897e-01  9.7829e-01  1.0143e+00  1.0651e+00  1.2006e+00  1.6532e+00
    35  9.2847e-01  9.2858e-01  9.2357e-01  9.2400e-01  9.3491e-01  9.2251e-01  9.4298e-01  9.2373e-01  9.3429e-01  9.3446e-01  9.4442e-01  9.3685e-01  9.3162e-01  9.4965e-01  9.3876e-01  9.3970e-01  9.4121e-01  9.4523e-01  9.4782e-01  9.5340e-01  9.5334e-01  9.4435e-01  9.6485e-01  9.6811e-01  9.6270e-01  9.7047e-01  9.6768e-01  9.6881e-01  9.5822e-01  9.7018e-01  9.6874e-01  9.7110e-01  9.8337e-01  9.6918e-01  9.7700e-01  9.9432e-01  1.0102e+00  1.0806e+00  1.2111e+00  1.6689e+00
    36  9.4281e-01  9.3885e-01  9.3764e-01  9.3402e-01  9.4027e-01  9.3587e-01  9.4939e-01  9.3810e-01  9.4212e-01  9.4919e-01  9.4960e-01  9.5022e-01  9.3999e-01  9.4606e-01  9.5162e-01  9.4949e-01  9.5540e-01  9.6267e-01  9.6222e-01  9.6337e-01  9.6831e-01  9.6106e-01  9.7352e-01  9.8494e-01  9.8504e-01  9.8144e-01  9.8310e-01  9.7328e-01  9.8067e-01  9.7324e-01  9.7951e-01  9.8177e-01  9.8884e-01  9.9239e-01  9.9648e-01  1.0058e+00  1.0273e+00  1.0911e+00  1.2374e+00  1.6841e+00
    37  9.6600e-01  9.6548e-01  9.6237e-01  9.5366e-01  9.5925e-01  9.6044e-01  9.6718e-01  9.6610e-01  9.7220e-01  9.7695e-01  9.7085e-01  9.7717e-01  9.7164e-01  9.7544e-01  9.7015e-01  9.7648e-01  9.7250e-01  9.8232e-01  9.8544e-01  9.8687e-01  9.8707e-01  9.8476e-01  9.9184e-01  9.9665e-01  1.0004e+00  1.0086e+00  1.0085e+00  1.0006e+00  1.0118e+00  1.0061e+00  1.0064e+00  1.0130e+00  1.0148e+00  1.0235e+00  1.0278e+00  1.0433e+00  1.0643e+00  1.1207e+00  1.2511e+00  1.7059e+00
    38  1.0155e+00  1.0249e+00  1.0219e+00  1.0162e+00  1.0181e+00  1.0265e+00  1.0188e+00  1.0169e+00  1.0203e+00  1.0281e+00  1.0304e+00  1.0295e+00  1.0330e+00  1.0314e+00  1.0325e+00  1.0321e+00  1.0296e+00  1.0388e+00  1.0397e+00  1.0397e+00  1.0485e+00  1.0549e+00  1.0515e+00  1.0517e+00  1.0579e+00  1.0671e+00  1.0613e+00  1.0709e+00  1.0585e+00  1.0705e+00  1.0757e+00  1.0674e+00  1.0706e+00  1.0828e+00  1.0865e+00  1.0860e+00  1.1231e+00  1.1864e+00  1.3121e+00  1.7545e+00
    39  1.1512e+00  1.1585e+00  1.1596e+00  1.1561e+00  1.1566e+00  1.1586e+00  1.1577e+00  1.1589e+00  1.1513e+00  1.1555e+00  1.1644e+00  1.1726e+00  1.1700e+00  1.1682e+00  1.1562e+00  1.1726e+00  1.1793e+00  1.1700e+00  1.1723e+00  1.1783e+00  1.1887e+00  1.1852e+00  1.1848e+00  1.1834e+00  1.1871e+00  1.1983e+00  1.1997e+00  1.2001e+00  1.1933e+00  1.1953e+00  1.2016e+00  1.2066e+00  1.2056e+00  1.2135e+00  1.2247e+00  1.2416e+00  1.2633e+00  1.3119e+00  1.4380e+00  1.8742e+00
    40  1.6067e+00  1.5929e+00  1.6073e+00  1.6064e+00  1.6117e+00  1.6047e+00  1.6052e+00  1.6122e+00  1.6093e+00  1.6108e+00  1.6140e+00  1.6188e+00  1.6196e+00  1.6193e+00  1.6134e+00  1.6197e+00  1.6317e+00  1.6197e+00  1.6240e+00  1.6296e+00  1.6242e+00  1.6413e+00  1.6326e+00  1.6331e+00  1.6399e+00  1.6471e+00  1.6429e+00  1.6463e+00  1.6377e+00  1.6451e+00  1.6511e+00  1.6536e+00  1.6623e+00  1.6594e+00  1.6520e+00  1.6731e+00  1.7082e+00  1.7489e+00  1.8665e+00  2.3074e+00
