 iy/ix           1           2           3           4           5           6           7           8           9          10          11          12          13          14          15          16          17          18          19          20          21          22          23          24          25          26          27          28          29          30          31          32          33          34          35          36          37          38          39          40
     1 -4.7023e-03 -7.6249e-03 -6.1237e-03  2.2875e-03 -4.2287e-03 -2.2887e-03 -2.7934e-03 -8.9998e-03 -3.7034e-03 -3.5825e-03 -2.2202e-03 -4.8681e-03 -7.2478e-03 -5.4568e-03 -1.2011e-02 -1.2576e-02 -1.2529e-02 -1.2696e-02 -1.1673e-02 -1.1308e-02 -4.8915e-03 -3.8305e-03  1.9811e-03  5.5800e-04 -6.4440e-03 -1.2989e-02 -9.1127e-03 -1.5419e-03 -1.1489e-02 -1.6556e-02 -6.6482e-03 -8.9360e-03 -8.8280e-03 -1.0786e-02 -4.0999e-03 -4.5887e-03 -3.7605e-03 -2.7883e-03 -7.8261e-03 -3.7767e-03
     2 -1.3281e-02 -1.4293e-02 -9.0205e-03 -1.3502e-02 -8.3104e-03 -1.0375e-02 -1.0202e-02 -9.8695e-03 -1.3230e-02 -1.3697e-02 -1.3455e-02 -1.0780e-02 -1.9349e-02 -2.8477e-02 -3.1938e-02 -3.1875e-02 -2.8409e-02 -2.7242e-02 -3.0947e-02 -3.6683e-02 -2.0714e-02 -9.3314e-03 -9.8932e-03 -1.0121e-02 -2.1175e-02 -2.6411e-02 -2.7303e-02 -2.6096e-02 -2.8371e-02 -3.5617e-02 -3.1579e-02 -3.2364e-02 -2.0223e-02 -2.5717e-02 -1.7970e-02 -2.0256e-02 -1.6247e-02 -1.2440e-02 -1.1796e-02 -1.4575e-02
     3 -2.6762e-02 -1.8689e-02 -1.8085e-02 -1.6787e-02 -1.9829e-02 -2.3927e-02 -1.6958e-02 -1.2729e-02 -1.9531e-02 -2.2315e-02 -2.2607e-02 -3.1992e-02 -3.3653e-02 -4.2396e-02 -5.1695e-02 -4.7483e-02 -5.6638e-02 -6.1178e-02 -5.3671e-02 -6.1048e-02 -2.7652e-02 -1.6858e-02 -1.5379e-02 -2.0272e-02 -3.9817e-02 -4.3742e-02 -5.2695e-02 -4.7894e-02 -5.0051e-02 -4.8261e-02 -5.8698e-02 -4.8644e-02 -4.6942e-02 -4.3575e-02 -4.3374e-02 -3.4007e-02 -3.2348e-02 -3.0738e-02 -2.5968e-02 -2.6839e-02
     4 -4.0063e-02 -3.0856e-02 -2.6534e-02 -3.4583e-02 -2.8417e-02 -3.7184e-02 -2.8550e-02 -2.7583e-02 -2.7125e-02 -2.4305e-02 -4.0084e-02 -5.2387e-02 -5.6765e-02 -6.0186e-02 -6.7746e-02 -7.7802e-02 -8.1859e-02 -8.5333e-02 -8.3566e-02 -7.8404e-02 -3.9206e-02 -2.5263e-02 -2.0950e-02 -2.3707e-02 -5.8009e-02 -6.3736e-02 -7.3754e-02 -6.9741e-02 -7.1546e-02 -6.7906e-02 -7.0964e-02 -6.9096e-02 -6.5544e-02 -6.2133e-02 -6.0283e-02 -5.1777e-02 -4.5077e-02 -3.8168e-02 -3.2095e-02 -3.0980e-02
     5 -5.0643e-02 -5.1690e-02 -4.8699e-02 -5.4694e-02 -4.2776e-02 -4.7242e-02 -5.0690e-02 -3.6490e-02 -4.6792e-02 -3.3701e-02 -6.6703e-02 -7.4022e-02 -8.5212e-02 -9.6484e-02 -1.0074e-01 -1.0062e-01 -1.1326e-01 -1.0912e-01 -1.0265e-01 -1.0934e-01 -5.2624e-02 -3.0447e-02 -2.2802e-02 -2.4167e-02 -7.1478e-02 -8.9665e-02 -9.8453e-02 -9.1409e-02 -9.3349e-02 -8.8799e-02 -9.0346e-02 -8.8333e-02 -8.3005e-02 -6.9074e-02 -6.5430e-02 -6.0521e-02 -5.2314e-02 -4.5324e-02 -3.2626e-02 -3.1983e-02
     6 -7.3532e-02 -7.8104e-02 -7.7393e-02 -7.9819e-02 -6.8268e-02 -6.8919e-02 -7.3678e-02 -6.6419e-02 -6.1389e-02 -6.3824e-02 -9.7819e-02 -1.0978e-01 -1.1615e-01 -1.3485e-01 -1.4289e-01 -1.3787e-01 -1.4440e-01 -1.3963e-01 -1.4561e-01 -1.3445e-01 -6.5555e-02 -3.3941e-02 -3.9290e-02 -3.3001e-02 -8.0871e-02 -1.1266e-01 -1.1804e-01 -1.1931e-01 -1.1138e-01 -1.1095e-01 -1.0166e-01 -1.0501e-01 -9.3587e-02 -8.0294e-02 -7.1820e-02 -5.8870e-02 -5.2514e-02 -4.3588e-02 -2.7349e-02 -3.1380e-02
     7 -1.1649e-01 -1.1265e-01 -1.1338e-01 -1.1157e-01 -1.1621e-01 -1.0686e-01 -1.0902e-01 -1.0369e-01 -1.0144e-01 -1.0407e-01 -1.4021e-01 -1.6047e-01 -1.6993e-01 -1.8111e-01 -1.8172e-01 -1.8948e-01 -1.9419e-01 -1.8016e-01 -1.8057e-01 -1.7555e-01 -8.7665e-02 -4.4923e-02 -4.0464e-02 -4.6882e-02 -9.9931e-02 -1.3126e-01 -1.4298e-01 -1.4446e-01 -1.3286e-01 -1.2445e-01 -1.1664e-01 -1.1050e-01 -9.8330e-02 -8.0784e-02 -6.1840e-02 -6.2515e-02 -4.1948e-02 -3.5732e-02 -1.8569e-02 -4.1895e-03
     8 -1.8146e-01 -1.7279e-01 -1.7809e-01 -1.7457e-01 -1.7169e-01 -1.7125e-01 -1.7288e-01 -1.6511e-01 -1.6536e-01 -1.6313e-01 -2.1040e-01 -2.2845e-01 -2.4285e-01 -2.4594e-01 -2.4681e-01 -2.3587e-01 -2.3878e-01 -2.3445e-01 -2.2465e-01 -2.0812e-01 -1.0785e-01 -5.3161e-02 -4.9918e-02 -4.0687e-02 -1.1718e-01 -1.5143e-01 -1.5678e-01 -1.5230e-01 -1.4737e-01 -1.3457e-01 -1.2334e-01 -1.0834e-01 -8.4540e-02 -7.0965e-02 -5.9050e-02 -3.8075e-02 -3.2035e-02 -5.8001e-03  1.4790e-03  2.3595e-02
     9 -2.9028e-01 -2.8430e-01 -2.8089e-01 -2.8095e-01 -2.8575e-01 -2.8779e-01 -2.7759e-01 -2.7952e-01 -2.7364e-01 -2.7539e-01 -3.3209e-01 -3.4311e-01 -3.4425e-01 -3.3173e-01 -3.1200e-01 -3.0065e-01 -2.8950e-01 -2.8276e-01 -2.7478e-01 -2.5195e-01 -1.2803e-01 -6.6182e-02 -5.9311e-02 -5.3915e-02 -1.3452e-01 -1.6324e-01 -1.7114e-01 -1.6656e-01 -1.5089e-01 -1.3496e-01 -1.1025e-01 -8.7209e-02 -6.5296e-02 -4.2217e-02 -2.0873e-02 -1.3742e-02  7.4605e-03  1.7860e-02  4.3717e-02  5.9036e-02
    10 -5.1818e-01 -5.1707e-01 -5.1818e-01 -5.1988e-01 -5.2728e-01 -5.2594e-01 -5.2270e-01 -5.2949e-01 -5.2664e-01 -5.2838e-01 -5.4566e-01 -4.9384e-01 -4.5995e-01 -4.2320e-01 -4.0069e-01 -3.7271e-01 -3.4963e-01 -3.3834e-01 -3.1600e-01 -2.9887e-01 -1.5112e-01 -8.5846e-02 -6.1103e-02 -5.9158e-02 -1.4955e-01 -1.7429e-01 -1.7901e-01 -1.7118e-01 -1.4164e-01 -1.1402e-01 -7.9563e-02 -5.3445e-02 -3.0547e-02  7.2900e-04  2.7876e-02  3.6734e-02  5.7538e-02  6.7428e-02  8.7888e-02  1.1723e-01
    11 -8.2973e-01 -8.2234e-01 -8.2927e-01 -8.3943e-01 -8.4933e-01 -8.4905e-01 -8.6727e-01 -8.8411e-01 -9.0557e-01 -8.9482e-01 -7.6052e-01 -6.3683e-01 -5.7503e-01 -5.1258e-01 -4.8359e-01 -4.4610e-01 -4.1189e-01 -3.9511e-01 -3.6975e-01 -3.3648e-01 -1.7715e-01 -9.0879e-02 -7.4823e-02 -6.9694e-02 -1.6484e-01 -1.8645e-01 -1.7692e-01 -1.4238e-01 -1.0454e-01 -6.9036e-02 -3.0935e-02 -3.1625e-03  3.2439e-02  6.2614e-02  7.9271e-02  9.8339e-02  1.1792e-01  1.3373e-01  1.4133e-01  1.6372e-01
    12 -8.7026e-01 -8.7036e-01 -8.8045e-01 -8.8005e-01 -8.9600e-01 -9.0264e-01 -9.1182e-01 -9.1875e-01 -9.2436e-01 -9.0846e-01 -8.2678e-01 -7.2870e-01 -6.5956e-01 -5.9681e-01 -5.5223e-01 -5.0184e-01 -4.7530e-01 -4.5159e-01 -4.2146e-01 -3.8312e-01 -1.9316e-01 -1.0282e-01 -9.4385e-02 -8.2602e-02 -1.5691e-01 -1.7968e-01 -1.4954e-01 -9.6738e-02 -3.9732e-02  1.3330e-02  5.2129e-02  8.6570e-02  1.0739e-01  1.3517e-01  1.5380e-01  1.6475e-01  1.8174e-01  1.8400e-01  1.9618e-01  2.2564e-01
    13 -8.8810e-01 -8.9461e-01 -8.9971e-01 -8.9972e-01 -9.1550e-01 -9.1133e-01 -9.2906e-01 -9.2991e-01 -9.2639e-01 -9.1157e-01 -8.5721e-01 -7.8180e-01 -7.1536e-01 -6.5881e-01 -6.1745e-01 -5.6800e-01 -5.2536e-01 -4.9765e-01 -4.7181e-01 -4.3179e-01 -2.1892e-01 -1.1821e-01 -9.9053e-02 -8.9847e-02 -1.3966e-01 -1.2093e-01 -7.3316e-02 -1.0048e-02  6.1011e-02  1.1730e-01  1.6347e-01  1.9154e-01  2.0627e-01  2.1520e-01  2.3435e-01  2.4300e-01  2.3983e-01  2.4760e-01  2.4204e-01  2.8179e-01
    14 -8.9995e-01 -9.0479e-01 -9.0505e-01 -9.1212e-01 -9.2588e-01 -9.1930e-01 -9.4036e-01 -9.3688e-01 -9.1786e-01 -9.1273e-01 -8.7246e-01 -8.1212e-01 -7.5662e-01 -7.0732e-01 -6.6979e-01 -6.2364e-01 -5.8674e-01 -5.3700e-01 -5.1183e-01 -4.7286e-01 -2.3820e-01 -1.2312e-01 -1.0537e-01 -9.2840e-02 -7.4130e-02 -2.0500e-02  5.6855e-02  1.4557e-01  2.0298e-01  2.5730e-01  2.8014e-01  3.0345e-01  3.1057e-01  3.0559e-01  3.0216e-01  3.0336e-01  2.9800e-01  2.9779e-01  2.9456e-01  3.1653e-01
    15 -9.1027e-01 -9.1095e-01 -9.0879e-01 -9.1685e-01 -9.2348e-01 -9.2810e-01 -9.3371e-01 -9.2405e-01 -9.2519e-01 -9.0840e-01 -8.6986e-01 -8.3615e-01 -7.8308e-01 -7.3615e-01 -7.0226e-01 -6.6055e-01 -6.1844e-01 -5.8655e-01 -5.5463e-01 -5.1226e-01 -2.5314e-01 -1.4316e-01 -1.1807e-01 -9.7697e-02  4.2987e-02  1.4574e-01  2.5600e-01  3.3728e-01  3.7871e-01  4.0090e-01  4.0699e-01  3.9592e-01  3.9024e-01  3.7973e-01  3.5981e-01  3.5068e-01  3.3541e-01  3.2798e-01  3.2508e-01  3.4601e-01
    16 -9.1167e-01 -9.1821e-01 -9.1192e-01 -9.1762e-01 -9.2143e-01 -9.2984e-01 -9.3102e-01 -9.2088e-01 -9.2314e-01 -8.9908e-01 -8.7958e-01 -8.3899e-01 -8.0823e-01 -7.6062e-01 -7.2845e-01 -6.8400e-01 -6.5999e-01 -6.2819e-01 -5.9485e-01 -5.5341e-01 -2.7270e-01 -1.4417e-01 -1.2249e-01 -8.1860e-02  2.3590e-01  3.8711e-01  4.8658e-01  5.2710e-01  5.4077e-01  5.2396e-01  4.9882e-01  4.7773e-01  4.4789e-01  4.2346e-01  3.9677e-01  3.7523e-01  3.5268e-01  3.4573e-01  3.3569e-01  3.5046e-01
    17 -9.1835e-01 -9.1652e-01 -9.1125e-01 -9.2380e-01 -9.2145e-01 -9.2468e-01 -9.2610e-01 -9.2154e-01 -9.1545e-01 -9.0544e-01 -8.7913e-01 -8.5001e-01 -8.2659e-01 -7.8804e-01 -7.5355e-01 -7.1727e-01 -6.8476e-01 -6.5608e-01 -6.3261e-01 -5.8798e-01 -2.9042e-01 -1.4786e-01 -1.2723e-01 -4.0647e-02  5.0107e-01  6.5390e-01  7.0710e-01  6.8986e-01  6.4323e-01  6.0324e-01  5.4824e-01  5.1751e-01  4.7285e-01  4.4479e-01  4.0752e-01  3.6668e-01  3.5039e-01  3.3771e-01  3.2126e-01  3.4259e-01
    18 -9.2254e-01 -9.1640e-01 -9.0943e-01 -9.2571e-01 -9.2460e-01 -9.2638e-01 -9.2398e-01 -9.2454e-01 -9.2168e-01 -9.0594e-01 -8.8275e-01 -8.5842e-01 -8.3823e-01 -8.0848e-01 -7.7052e-01 -7.4778e-01 -7.1006e-01 -6.7763e-01 -6.5590e-01 -6.1407e-01 -3.0449e-01 -1.6171e-01 -1.0101e-01  7.7003e-02  7.7503e-01  8.8906e-01  8.4892e-01  7.6348e-01  6.8188e-01  6.1514e-01  5.5805e-01  5.1403e-01  4.6569e-01  4.2513e-01  3.8672e-01  3.5582e-01  3.3184e-01  3.1661e-01  3.0104e-01  3.2470e-01
    19 -9.2265e-01 -9.1586e-01 -9.1479e-01 -9.2359e-01 -9.3150e-01 -9.2310e-01 -9.2747e-01 -9.2295e-01 -9.1452e-01 -9.0298e-01 -8.7840e-01 -8.7152e-01 -8.4573e-01 -8.2322e-01 -7.8962e-01 -7.6633e-01 -7.3817e-01 -7.0931e-01 -6.8592e-01 -6.3623e-01 -3.0887e-01 -1.1129e-01  7.7814e-02  3.6514e-01  9.9837e-01  9.8784e-01  8.6388e-01  7.3996e-01  6.4901e-01  5.7589e-01  5.0771e-01  4.6048e-01  4.1730e-01  3.8100e-01  3.4501e-01  3.3028e-01  3.0008e-01  2.7556e-01  2.6876e-01  2.9212e-01
    20 -9.1854e-01 -9.2343e-01 -9.1898e-01 -9.2172e-01 -9.2833e-01 -9.2590e-01 -9.2642e-01 -9.1953e-01 -9.1209e-01 -8.9991e-01 -8.8260e-01 -8.6932e-01 -8.5898e-01 -8.2629e-01 -8.0461e-01 -7.8036e-01 -7.6046e-01 -7.3503e-01 -7.1808e-01 -6.7592e-01 -2.8539e-01  1.8401e-01  5.2866e-01  6.8186e-01  9.8998e-01  8.5361e-01  7.2986e-01  6.1949e-01  5.4140e-01  4.7215e-01  4.2365e-01  3.8461e-01  3.4382e-01  3.1625e-01  2.9294e-01  2.7820e-01  2.5138e-01  2.3710e-01  2.3351e-01  2.5174e-01
    21 -9.1916e-01 -9.1376e-01 -9.1657e-01 -9.2511e-01 -9.2603e-01 -9.2069e-01 -9.2175e-01 -9.2460e-01 -9.1006e-01 -8.9501e-01 -8.9053e-01 -8.7473e-01 -8.5508e-01 -8.3882e-01 -8.2071e-01 -7.9971e-01 -7.7038e-01 -7.5144e-01 -7.4016e-01 -7.1734e-01 -4.3283e-01  7.0157e-02  3.1225e-01  4.3350e-01  5.2626e-01  5.1056e-01  4.7476e-01  4.1761e-01  3.8086e-01  3.4387e-01  3.1840e-01  2.9518e-01  2.6881e-01  2.4773e-01  2.3030e-01  2.1458e-01  2.0512e-01  1.9013e-01  1.8607e-01  2.0047e-01
    22 -9.1341e-01 -9.1001e-01 -9.1872e-01 -9.2792e-01 -9.1565e-01 -9.2133e-01 -9.0518e-01 -9.2170e-01 -9.1090e-01 -9.0692e-01 -8.8976e-01 -8.7906e-01 -8.5645e-01 -8.3828e-01 -8.2326e-01 -8.0559e-01 -7.8700e-01 -7.6149e-01 -7.5022e-01 -7.1000e-01 -5.9495e-01 -3.3422e-01 -8.7258e-02  6.9648e-02  1.6761e-01  2.1928e-01  2.3442e-01  2.2989e-01  2.2225e-01  2.1565e-01  2.0429e-01  1.9676e-01  1.8231e-01  1.7145e-01  1.5635e-01  1.5687e-01  1.4827e-01  1.3689e-01  1.3375e-01  1.4858e-01
    23 -9.1798e-01 -9.2027e-01 -9.1922e-01 -9.2288e-01 -9.2088e-01 -9.1890e-01 -9.1045e-01 -9.2155e-01 -9.1124e-01 -8.9982e-01 -8.8377e-01 -8.8192e-01 -8.6113e-01 -8.4308e-01 -8.3470e-01 -8.1607e-01 -7.9063e-01 -7.8416e-01 -7.5520e-01 -7.1969e-01 -6.4874e-01 -5.0673e-01 -3.3912e-01 -1.8391e-01 -7.7747e-02 -3.0698e-03  3.5862e-02  7.0123e-02  8.5393e-02  9.3414e-02  9.3471e-02  9.4141e-02  9.3337e-02  8.9722e-02  8.8902e-02  8.6766e-02  8.5298e-02  7.6771e-02  7.4088e-02  8.6711e-02
    24 -9.1663e-01 -9.2253e-01 -9.2453e-01 -9.2169e-01 -9.2065e-01 -9.1551e-01 -9.1337e-01 -9.1342e-01 -9.1018e-01 -8.9512e-01 -8.9028e-01 -8.8431e-01 -8.7405e-01 -8.5759e-01 -8.3751e-01 -8.2378e-01 -7.9797e-01 -7.8944e-01 -7.6154e-01 -7.2794e-01 -6.7885e-01 -5.8985e-01 -4.7845e-01 -3.4952e-01 -2.4991e-01 -1.7760e-01 -1.2437e-01 -7.6426e-02 -4.0884e-02 -1.6843e-02 -8.5347e-03 -1.4476e-03  2.9067e-03  7.1189e-03  1.4391e-02  1.9612e-02  1.5295e-02  2.1183e-02  1.6484e-02  2.5077e-02
    25 -9.2715e-01 -9.2554e-01 -9.2031e-01 -9.2609e-01 -9.1286e-01 -9.1783e-01 -9.0584e-01 -9.1361e-01 -9.1285e-01 -8.9058e-01 -8.9407e-01 -8.8177e-01 -8.6810e-01 -8.5257e-01 -8.4435e-01 -8.2835e-01 -8.0447e-01 -7.9696e-01 -7.6565e-01 -7.3961e-01 -6.9881e-01 -6.3481e-01 -5.5513e-01 -4.6501e-01 -3.8031e-01 -3.0655e-01 -2.4933e-01 -1.9987e-01 -1.5306e-01 -1.2498e-01 -1.0625e-01 -8.1368e-02 -8.2603e-02 -6.1780e-02 -5.3572e-02 -4.5834e-02 -4.7137e-02 -3.6981e-02 -4.0100e-02 -3.4466e-02
    26 -9.2261e-01 -9.2127e-01 -9.1978e-01 -9.2357e-01 -9.0822e-01 -9.2193e-01 -9.0933e-01 -9.0975e-01 -9.0201e-01 -9.0622e-01 -8.9249e-01 -8.7740e-01 -8.7298e-01 -8.5923e-01 -8.5083e-01 -8.2751e-01 -8.0658e-01 -7.9693e-01 -7.7933e-01 -7.5234e-01 -7.1125e-01 -6.6307e-01 -6.0991e-01 -5.3887e-01 -4.6705e-01 -4.1035e-01 -3.4331e-01 -2.9693e-01 -2.5387e-01 -2.1904e-01 -1.8192e-01 -1.6306e-01 -1.5634e-01 -1.3269e-01 -1.1605e-01 -1.0389e-01 -1.0260e-01 -9.5886e-02 -9.2487e-02 -8.8391e-02
    27 -9.1970e-01 -9.2410e-01 -9.2114e-01 -9.1294e-01 -9.1673e-01 -9.1817e-01 -9.1188e-01 -9.0775e-01 -9.0055e-01 -8.9460e-01 -8.9018e-01 -8.8732e-01 -8.8485e-01 -8.6466e-01 -8.5464e-01 -8.3346e-01 -8.1947e-01 -8.0196e-01 -7.8544e-01 -7.6691e-01 -7.3089e-01 -6.8888e-01 -6.4241e-01 -5.9391e-01 -5.3236e-01 -4.8033e-01 -4.2607e-01 -3.7721e-01 -3.3637e-01 -2.9532e-01 -2.5946e-01 -2.2959e-01 -2.2063e-01 -2.0143e-01 -1.8503e-01 -1.6661e-01 -1.5705e-01 -1.5223e-01 -1.3979e-01 -1.4388e-01
    28 -9.2392e-01 -9.2152e-01 -9.1530e-01 -9.1764e-01 -9.1488e-01 -9.1771e-01 -9.0703e-01 -9.1348e-01 -9.0515e-01 -8.9678e-01 -8.9427e-01 -8.8620e-01 -8.8016e-01 -8.6522e-01 -8.5892e-01 -8.3637e-01 -8.2402e-01 -8.1487e-01 -7.9545e-01 -7.7902e-01 -7.4696e-01 -7.0731e-01 -6.7359e-01 -6.3041e-01 -5.7487e-01 -5.3761e-01 -4.8603e-01 -4.3909e-01 -3.9695e-01 -3.6143e-01 -3.3382e-01 -3.0737e-01 -2.7400e-01 -2.5578e-01 -2.3097e-01 -2.2296e-01 -2.0607e-01 -1.9428e-01 -1.9101e-01 -2.0764e-01
    29 -9.1824e-01 -9.2052e-01 -9.2080e-01 -9.1512e-01 -9.1895e-01 -9.1568e-01 -9.1065e-01 -9.1722e-01 -9.0764e-01 -9.0391e-01 -8.8702e-01 -8.8250e-01 -8.8605e-01 -8.7369e-01 -8.6161e-01 -8.4418e-01 -8.2541e-01 -8.1719e-01 -7.9896e-01 -7.8103e-01 -7.5907e-01 -7.2643e-01 -6.9522e-01 -6.6249e-01 -6.1640e-01 -5.7966e-01 -5.3712e-01 -4.8662e-01 -4.4917e-01 -4.1109e-01 -3.8669e-01 -3.6139e-01 -3.2694e-01 -3.0321e-01 -2.8883e-01 -2.6650e-01 -2.4728e-01 -2.4998e-01 -2.4191e-01 -2.5336e-01
    30 -9.2377e-01 -9.2262e-01 -9.2056e-01 -9.1368e-01 -9.2114e-01 -9.0984e-01 -9.0901e-01 -9.1725e-01 -9.0649e-01 -9.0255e-01 -8.8877e-01 -8.8654e-01 -8.8361e-01 -8.7605e-01 -8.6381e-01 -8.4914e-01 -8.2315e-01 -8.2587e-01 -8.0245e-01 -7.9003e-01 -7.6716e-01 -7.3546e-01 -7.1677e-01 -6.8317e-01 -6.4692e-01 -6.0688e-01 -5.7274e-01 -5.3806e-01 -4.9303e-01 -4.6118e-01 -4.3552e-01 -4.0828e-01 -3.8164e-01 -3.5950e-01 -3.3319e-01 -3.1306e-01 -3.0668e-01 -2.9051e-01 -2.8993e-01 -3.1618e-01
    31 -9.2920e-01 -9.2535e-01 -9.1862e-01 -9.1893e-01 -9.1872e-01 -9.0842e-01 -9.1231e-01 -9.1448e-01 -9.0109e-01 -8.9850e-01 -8.9879e-01 -8.8832e-01 -8.8137e-01 -8.7830e-01 -8.6582e-01 -8.5224e-01 -8.3452e-01 -8.3041e-01 -8.0969e-01 -7.9179e-01 -7.7811e-01 -7.5464e-01 -7.3441e-01 -6.9951e-01 -6.6640e-01 -6.3372e-01 -6.0277e-01 -5.6762e-01 -5.4286e-01 -5.1083e-01 -4.7285e-01 -4.4594e-01 -4.2838e-01 -4.0204e-01 -3.8235e-01 -3.6203e-01 -3.4660e-01 -3.3448e-01 -3.3427e-01 -3.7624e-01
    32 -9.3081e-01 -9.2566e-01 -9.1542e-01 -9.0999e-01 -9.1902e-01 -9.1429e-01 -9.0987e-01 -9.0664e-01 -9.0061e-01 -8.9268e-01 -8.9841e-01 -8.8607e-01 -8.8672e-01 -8.7494e-01 -8.6676e-01 -8.5859e-01 -8.4529e-01 -8.3313e-01 -8.1731e-01 -8.0656e-01 -7.8279e-01 -7.6628e-01 -7.4318e-01 -7.2169e-01 -6.9363e-01 -6.5962e-01 -6.3361e-01 -6.0001e-01 -5.7458e-01 -5.4984e-01 -5.1702e-01 -4.8889e-01 -4.5747e-01 -4.4506e-01 -4.2976e-01 -4.1004e-01 -3.9341e-01 -3.8001e-01 -3.8018e-01 -4.1545e-01
    33 -9.2807e-01 -9.2257e-01 -9.1363e-01 -9.0729e-01 -9.2240e-01 -9.0917e-01 -9.0974e-01 -8.9890e-01 -8.9928e-01 -8.9727e-01 -9.0592e-01 -8.8847e-01 -8.8547e-01 -8.7715e-01 -8.6700e-01 -8.5973e-01 -8.5380e-01 -8.3931e-01 -8.2196e-01 -8.1666e-01 -7.8627e-01 -7.7284e-01 -7.6056e-01 -7.3318e-01 -7.0598e-01 -6.8392e-01 -6.5931e-01 -6.3216e-01 -6.1258e-01 -5.7198e-01 -5.4898e-01 -5.3213e-01 -4.9516e-01 -4.8842e-01 -4.6216e-01 -4.4999e-01 -4.3405e-01 -4.2286e-01 -4.2071e-01 -4.5103e-01
    34 -9.2513e-01 -9.2439e-01 -9.1598e-01 -9.1225e-01 -9.1462e-01 -9.0906e-01 -9.1912e-01 -9.1006e-01 -9.0781e-01 -9.0494e-01 -9.1113e-01 -8.9663e-01 -8.8353e-01 -8.8558e-01 -8.7663e-01 -8.6617e-01 -8.5577e-01 -8.3497e-01 -8.2645e-01 -8.2117e-01 -7.9979e-01 -7.7870e-01 -7.7924e-01 -7.5542e-01 -7.2696e-01 -7.0720e-01 -6.8223e-01 -6.5770e-01 -6.3112e-01 -6.1391e-01 -5.8329e-01 -5.6767e-01 -5.4140e-01 -5.2131e-01 -5.0952e-01 -4.8098e-01 -4.7799e-01 -4.5660e-01 -4.5634e-01 -5.0167e-01
    35 -9.2844e-01 -9.2798e-01 -9.2140e-01 -9.2005e-01 -9.2973e-01 -9.1547e-01 -9.3313e-01 -9.1010e-01 -9.1756e-01 -9.1299e-01 -9.1577e-01 -9.0206e-01 -8.8930e-01 -8.9973e-01 -8.7985e-01 -8.7088e-01 -8.5819e-01 -8.5117e-01 -8.4088e-01 -8.3066e-01 -8.1512e-01 -7.9229e-01 -7.9408e-01 -7.7755e-01 -7.5381e-01 -7.3924e-01 -7.1023e-01 -6.8599e-01 -6.6076e-01 -6.4438e-01 -6.1776e-01 -6.0489e-01 -5.8654e-01 -5.5527e-01 -5.4117e-01 -5.3184e-01 -5.0998e-01 -5.0713e-01 -5.0399e-01 -5.5533e-01
    36 -9.4267e-01 -9.3811e-01 -9.3565e-01 -9.3042e-01 -9.3552e-01 -9.2876e-01 -9.3924e-01 -9.2535e-01 -9.2531e-01 -9.2789e-01 -9.2174e-01 -9.1780e-01 -8.9999e-01 -9.0296e-01 -8.9683e-01 -8.8410e-01 -8.8089e-01 -8.7411e-01 -8.6424e-01 -8.5222e-01 -8.3916e-01 -8.1666e-01 -8.1531e-01 -8.1211e-01 -7.9018e-01 -7.6327e-01 -7.4460e-01 -7.1993e-01 -7.0214e-01 -6.7419e-01 -6.6156e-01 -6.4117e-01 -6.2698e-01 -6.0810e-01 -5.8765e-01 -5.7671e-01 -5.5395e-01 -5.5251e-01 -5.5833e-01 -6.1208e-01
    37 -9.6596e-01 -9.6479e-01 -9.6066e-01 -9.5095e-01 -9.5434e-01 -9.5404e-01 -9.5871e-01 -9.5278e-01 -9.5508e-01 -9.5573e-01 -9.4635e-01 -9.4574e-01 -9.3339e-01 -9.3180e-01 -9.1931e-01 -9.1681e-01 -9.0462e-01 -9.0721e-01 -8.9558e-01 -8.8540e-01 -8.7067e-01 -8.5596e-01 -8.4889e-01 -8.3533e-01 -8.2081e-01 -8.1313e-01 -7.9259e-01 -7.6685e-01 -7.5561e-01 -7.3229e-01 -7.1661e-01 -6.9794e-01 -6.8011e-01 -6.6859e-01 -6.5224e-01 -6.4083e-01 -6.2772e-01 -6.2359e-01 -6.2055e-01 -6.8913e-01
    38 -1.0154e+00 -1.0245e+00 -1.0207e+00 -1.0135e+00 -1.0141e+00 -1.0204e+00 -1.0102e+00 -1.0051e+00 -1.0054e+00 -1.0094e+00 -1.0059e+00 -1.0025e+00 -1.0006e+00 -9.9226e-01 -9.8421e-01 -9.7640e-01 -9.6543e-01 -9.6660e-01 -9.5691e-01 -9.4353e-01 -9.4145e-01 -9.3636e-01 -9.2034e-01 -9.0396e-01 -8.9754e-01 -8.9220e-01 -8.7223e-01 -8.5944e-01 -8.2778e-01 -8.2058e-01 -8.0846e-01 -7.8286e-01 -7.7020e-01 -7.6308e-01 -7.5068e-01 -7.3034e-01 -7.2660e-01 -7.2496e-01 -7.3077e-01 -8.1036e-01
    39 -1.1511e+00 -1.1582e+00 -1.1586e+00 -1.1539e+00 -1.1530e+00 -1.1529e+00 -1.1501e+00 -1.1495e+00 -1.1397e+00 -1.1399e+00 -1.1437e+00 -1.1463e+00 -1.1412e+00 -1.1325e+00 -1.1154e+00 -1.1230e+00 -1.1222e+00 -1.1065e+00 -1.1000e+00 -1.0958e+00 -1.0953e+00 -1.0827e+00 -1.0695e+00 -1.0576e+00 -1.0457e+00 -1.0474e+00 -1.0293e+00 -1.0152e+00 -9.9471e-01 -9.8319e-01 -9.7494e-01 -9.5990e-01 -9.4277e-01 -9.3791e-01 -9.2503e-01 -9.1796e-01 -9.1478e-01 -9.0826e-01 -9.2132e-01 -1.0063e+00
    40 -1.6067e+00 -1.5925e+00 -1.6063e+00 -1.6040e+00 -1.6087e+00 -1.5999e+00 -1.5986e+00 -1.6041e+00 -1.5981e+00 -1.5961e+00 -1.5962e+00 -1.5968e+00 -1.5931e+00 -1.5874e+00 -1.5772e+00 -1.5779e+00 -1.5796e+00 -1.5633e+00 -1.5605e+00 -1.5593e+00 -1.5442e+00 -1.5486e+00 -1.5301e+00 -1.5236e+00 -1.5193e+00 -1.5123e+00 -1.4978e+00 -1.4871e+00 -1.4671e+00 -1.4624e+00 -1.4512e+00 -1.4419e+00 -1.4351e+00 -1.4237e+00 -1.4028e+00 -1.4014e+00 -1.4071e+00 -1.3982e+00 -1.4119e+00 -1.5313e+00
