 iy/ix           1           2           3           4           5           6           7           8           9          10          11          12          13          14          15          16          17          18          19          20          21          22          23          24          25          26          27          28          29          30          31          32          33          34          35          36          37          38          39          40
     1  7.4636e-03  9.4703e-03  2.3698e-02  4.9656e-02  7.4401e-02  1.0648e-01  1.5877e-01  2.3374e-01  3.4075e-01  4.9690e-01  5.0233e-01  3.4083e-01  2.3576e-01  1.6411e-01  1.1329e-01  7.8035e-02  5.4431e-02  3.7344e-02  2.5664e-02  1.7727e-02  6.8490e-03  1.1614e-03  1.9688e-04  3.3118e-05  1.0130e-05  7.0177e-06  4.8795e-06  3.3735e-06  2.3601e-06  1.6341e-06  1.1323e-06  7.8602e-07  5.4535e-07  3.7599e-07  2.6111e-07  1.8275e-07  1.2934e-07  9.1886e-08  6.7092e-08  5.1202e-08
     2  2.8463e-03  1.9087e-02  3.6432e-02  5.1355e-02  8.3144e-02  1.1539e-01  1.5500e-01  2.3131e-01  3.4283e-01  5.0547e-01  5.0152e-01  3.4302e-01  2.3729e-01  1.6341e-01  1.1292e-01  7.7594e-02  5.3130e-02  3.6998e-02  2.5747e-02  1.7683e-02  6.8484e-03  1.1559e-03  1.9671e-04  3.3151e-05  1.0062e-05  6.9325e-06  4.8415e-06  3.3762e-06  2.3256e-06  1.6084e-06  1.1078e-06  7.6855e-07  5.3253e-07  3.7075e-07  2.5823e-07  1.8047e-07  1.2767e-07  9.1586e-08  6.6683e-08  5.1222e-08
     3  8.4361e-03  1.4733e-02  3.2955e-02  5.5135e-02  8.7409e-02  1.1582e-01  1.6437e-01  2.4247e-01  3.4800e-01  5.0624e-01  5.0465e-01  3.4438e-01  2.3510e-01  1.6145e-01  1.1146e-01  7.6607e-02  5.2423e-02  3.6535e-02  2.5280e-02  1.7424e-02  6.7421e-03  1.1415e-03  1.9166e-04  3.2035e-05  9.7937e-06  6.8956e-06  4.7896e-06  3.3063e-06  2.3032e-06  1.5821e-06  1.0909e-06  7.5280e-07  5.2378e-07  3.6699e-07  2.5891e-07  1.7947e-07  1.2559e-07  8.9463e-08  6.5932e-08  5.0508e-08
     4  6.2956e-03  1.4277e-02  2.0078e-02  4.5526e-02  6.5012e-02  1.1313e-01  1.6012e-01  2.3327e-01  3.4122e-01  4.9607e-01  4.9819e-01  3.3562e-01  2.3060e-01  1.5828e-01  1.0913e-01  7.5721e-02  5.2425e-02  3.5841e-02  2.4585e-02  1.6965e-02  6.5506e-03  1.0944e-03  1.8597e-04  3.1882e-05  9.7189e-06  6.7580e-06  4.6823e-06  3.2328e-06  2.2165e-06  1.5302e-06  1.0630e-06  7.4148e-07  5.1503e-07  3.6116e-07  2.5137e-07  1.7643e-07  1.2407e-07  8.8858e-08  6.5222e-08  5.0509e-08
     5  1.2234e-02  2.7210e-02  3.5712e-02  4.3121e-02  5.5752e-02  1.0463e-01  1.6284e-01  2.2632e-01  3.3128e-01  4.9267e-01  4.9102e-01  3.2894e-01  2.2421e-01  1.5417e-01  1.0643e-01  7.1872e-02  4.9421e-02  3.4191e-02  2.3568e-02  1.6192e-02  6.2865e-03  1.0612e-03  1.8019e-04  3.0604e-05  9.2938e-06  6.4612e-06  4.4805e-06  3.1061e-06  2.1536e-06  1.4976e-06  1.0388e-06  7.2111e-07  4.9969e-07  3.4622e-07  2.4259e-07  1.7058e-07  1.2078e-07  8.7018e-08  6.3897e-08  4.9488e-08
     6  7.9971e-04  1.5840e-02  2.3108e-02  3.4996e-02  6.5810e-02  9.8402e-02  1.4917e-01  2.1818e-01  3.1867e-01  4.7432e-01  4.7702e-01  3.2126e-01  2.1705e-01  1.4738e-01  1.0145e-01  6.9696e-02  4.7530e-02  3.2570e-02  2.2358e-02  1.5413e-02  5.9412e-03  1.0169e-03  1.7226e-04  2.9499e-05  8.8931e-06  6.0825e-06  4.2672e-06  2.9790e-06  2.0596e-06  1.4284e-06  9.9740e-07  6.8893e-07  4.7741e-07  3.3165e-07  2.3401e-07  1.6433e-07  1.1800e-07  8.4983e-08  6.2612e-08  4.8538e-08
     7  7.7432e-03  1.4676e-02  3.0499e-02  3.8710e-02  6.3786e-02  9.2497e-02  1.3990e-01  2.0452e-01  3.1444e-01  4.6253e-01  4.6534e-01  3.0899e-01  2.0804e-01  1.3992e-01  9.4678e-02  6.4551e-02  4.4601e-02  3.0800e-02  2.0959e-02  1.4398e-02  5.5443e-03  9.3623e-04  1.5906e-04  2.6756e-05  8.2701e-06  5.7027e-06  3.9650e-06  2.7631e-06  1.9180e-06  1.3347e-06  9.2492e-07  6.4403e-07  4.4975e-07  3.2027e-07  2.2425e-07  1.5813e-07  1.1333e-07  8.1716e-08  6.1506e-08  4.8196e-08
     8  6.8522e-03  1.6523e-02  2.1182e-02  3.8844e-02  6.2630e-02  8.6288e-02  1.3513e-01  1.9438e-01  2.9372e-01  4.4176e-01  4.4184e-01  2.8829e-01  1.9125e-01  1.3032e-01  8.7809e-02  6.0070e-02  4.1419e-02  2.7981e-02  1.9469e-02  1.3336e-02  5.1250e-03  8.6177e-04  1.4521e-04  2.4406e-05  7.4791e-06  5.2545e-06  3.6596e-06  2.5321e-06  1.7524e-06  1.2306e-06  8.6270e-07  6.0691e-07  4.2928e-07  3.0159e-07  2.1486e-07  1.5371e-07  1.1112e-07  8.1379e-08  6.0979e-08  4.8053e-08
     9  7.0764e-03  1.7672e-02  2.6964e-02  3.9211e-02  5.1293e-02  7.6822e-02  1.1437e-01  1.7151e-01  2.5745e-01  4.0022e-01  3.9359e-01  2.5348e-01  1.6754e-01  1.1312e-01  7.7045e-02  5.2265e-02  3.5856e-02  2.4883e-02  1.7148e-02  1.2007e-02  4.6294e-03  7.7974e-04  1.3121e-04  2.2277e-05  6.7011e-06  4.6898e-06  3.2660e-06  2.2909e-06  1.6264e-06  1.1384e-06  8.0624e-07  5.7357e-07  4.1071e-07  2.9055e-07  2.0814e-07  1.4957e-07  1.0850e-07  8.0562e-08  6.0999e-08  4.8303e-08
    10  1.8640e-03  1.3117e-02  2.3687e-02  2.7557e-02  4.4390e-02  6.8939e-02  1.0056e-01  1.3887e-01  2.0482e-01  3.1711e-01  3.1748e-01  2.0409e-01  1.3909e-01  9.4160e-02  6.5051e-02  4.5225e-02  3.1121e-02  2.1551e-02  1.5098e-02  1.0675e-02  4.1421e-03  6.9753e-04  1.1779e-04  1.9830e-05  5.9754e-06  4.1358e-06  2.9275e-06  2.0592e-06  1.4704e-06  1.0454e-06  7.4540e-07  5.3152e-07  3.8390e-07  2.7896e-07  2.0033e-07  1.4775e-07  1.0771e-07  7.9711e-08  6.1687e-08  4.9500e-08
    11  3.8687e-03  1.0224e-02  1.6637e-02  2.4772e-02  3.2899e-02  5.3247e-02  7.5725e-02  1.0341e-01  1.4700e-01  1.9361e-01  1.9176e-01  1.4544e-01  1.0454e-01  7.4527e-02  5.2698e-02  3.7028e-02  2.6457e-02  1.8523e-02  1.2932e-02  9.1488e-03  3.5710e-03  6.0345e-04  1.0259e-04  1.7276e-05  5.2062e-06  3.6850e-06  2.5754e-06  1.8205e-06  1.3046e-06  9.5204e-07  6.8684e-07  5.0112e-07  3.6956e-07  2.7118e-07  2.0175e-07  1.4778e-07  1.0980e-07  8.2525e-08  6.3593e-08  5.1594e-08
    12  2.0352e-03  5.7177e-03  9.3793e-03  1.8578e-02  2.9526e-02  4.1141e-02  5.5278e-02  7.4568e-02  9.4566e-02  1.1138e-01  1.1360e-01  9.6630e-02  7.5809e-02  5.6812e-02  4.1138e-02  2.9506e-02  2.1221e-02  1.5168e-02  1.0856e-02  7.7467e-03  3.0331e-03  5.1196e-04  8.7824e-05  1.4684e-05  4.3967e-06  3.1085e-06  2.2273e-06  1.6150e-06  1.1875e-06  8.7443e-07  6.5343e-07  4.8346e-07  3.6542e-07  2.7309e-07  2.0322e-07  1.5232e-07  1.1569e-07  8.7388e-08  6.7973e-08  5.4869e-08
    13  1.5742e-03  4.2307e-03  9.0178e-03  1.6190e-02  2.3328e-02  3.0679e-02  4.1237e-02  5.1130e-02  6.1683e-02  6.9667e-02  6.9432e-02  6.2903e-02  5.1458e-02  4.0437e-02  3.0900e-02  2.3084e-02  1.6733e-02  1.2140e-02  8.8545e-03  6.3812e-03  2.5285e-03  4.2833e-04  7.3275e-05  1.2466e-05  3.6503e-06  2.5911e-06  1.8956e-06  1.4149e-06  1.0773e-06  8.3219e-07  6.3299e-07  4.9396e-07  3.7737e-07  2.8916e-07  2.1871e-07  1.6614e-07  1.2539e-07  9.5810e-08  7.4560e-08  6.0284e-08
    14  1.7720e-03  4.7316e-03  8.4839e-03  1.3991e-02  1.6076e-02  2.1293e-02  2.8042e-02  3.4889e-02  4.0161e-02  4.4540e-02  4.4651e-02  4.1154e-02  3.5368e-02  2.8404e-02  2.2361e-02  1.7115e-02  1.3005e-02  9.5434e-03  7.0786e-03  5.2546e-03  2.0863e-03  3.5410e-04  6.0166e-05  1.0110e-05  2.8746e-06  2.0900e-06  1.5993e-06  1.2820e-06  1.0283e-06  8.2902e-07  6.7226e-07  5.3086e-07  4.1507e-07  3.1751e-07  2.4354e-07  1.8747e-07  1.4216e-07  1.0776e-07  8.3507e-08  6.7197e-08
    15  3.6849e-04  3.1637e-03  5.6083e-03  8.3608e-03  1.2540e-02  1.6464e-02  2.0536e-02  2.3618e-02  2.6060e-02  2.8139e-02  2.9072e-02  2.6706e-02  2.3476e-02  1.9923e-02  1.5979e-02  1.2647e-02  9.7689e-03  7.4154e-03  5.6067e-03  4.1823e-03  1.6745e-03  2.8758e-04  4.9458e-05  8.0828e-06  2.1048e-06  1.6270e-06  1.3891e-06  1.2290e-06  1.0760e-06  9.2400e-07  7.6863e-07  6.1450e-07  4.8343e-07  3.7439e-07  2.8815e-07  2.1436e-07  1.6172e-07  1.2321e-07  9.4412e-08  7.5267e-08
    16  6.3298e-04  2.3984e-03  4.6380e-03  6.6741e-03  8.0610e-03  1.0714e-02  1.3714e-02  1.5723e-02  1.7791e-02  1.8455e-02  1.8402e-02  1.7634e-02  1.5906e-02  1.3674e-02  1.1335e-02  9.0355e-03  7.1170e-03  5.5720e-03  4.2883e-03  3.2199e-03  1.3153e-03  2.2497e-04  3.8470e-05  6.2257e-06  1.3455e-06  1.2682e-06  1.3438e-06  1.3637e-06  1.2802e-06  1.1362e-06  9.5094e-07  7.6328e-07  5.9932e-07  4.5972e-07  3.4176e-07  2.5635e-07  1.9112e-07  1.4374e-07  1.0897e-07  8.6073e-08
    17  8.9169e-04  2.3170e-03  3.6559e-03  4.6093e-03  6.4530e-03  7.7579e-03  9.3468e-03  1.0947e-02  1.1689e-02  1.2085e-02  1.2154e-02  1.1712e-02  1.0652e-02  9.3530e-03  7.9597e-03  6.5306e-03  5.1810e-03  4.1138e-03  3.2055e-03  2.4941e-03  1.0278e-03  1.7460e-04  2.9908e-05  4.4776e-06  5.6642e-07  1.1490e-06  1.7005e-06  1.8811e-06  1.7937e-06  1.5536e-06  1.2645e-06  9.9475e-07  7.5547e-07  5.6876e-07  4.2091e-07  3.0918e-07  2.2620e-07  1.6660e-07  1.2599e-07  9.8818e-08
    18  3.6587e-04  1.3362e-03  2.1360e-03  3.1986e-03  4.3546e-03  5.1395e-03  6.1145e-03  7.0044e-03  7.9138e-03  8.0304e-03  8.2079e-03  7.8818e-03  7.1746e-03  6.4126e-03  5.5545e-03  4.6450e-03  3.7519e-03  3.0283e-03  2.4081e-03  1.9234e-03  7.9102e-04  1.3474e-04  2.3278e-05  3.1028e-06 -2.3973e-08  1.7833e-06  2.8772e-06  3.0300e-06  2.7049e-06  2.2175e-06  1.7482e-06  1.3177e-06  9.6937e-07  7.0789e-07  5.1430e-07  3.6871e-07  2.6721e-07  1.9301e-07  1.4487e-07  1.1230e-07
    19  2.6155e-04  8.5015e-04  1.4942e-03  2.2974e-03  2.9810e-03  3.8590e-03  4.3083e-03  4.7364e-03  5.3271e-03  5.4625e-03  5.3181e-03  5.2789e-03  4.9003e-03  4.3917e-03  3.8072e-03  3.2459e-03  2.7320e-03  2.2229e-03  1.7907e-03  1.4313e-03  5.9831e-04  1.0269e-04  1.8437e-05  2.5427e-06  9.9106e-07  4.9417e-06  6.0037e-06  5.3483e-06  4.2980e-06  3.2846e-06  2.4125e-06  1.7374e-06  1.2413e-06  8.8748e-07  6.2176e-07  4.3618e-07  3.0952e-07  2.2380e-07  1.6345e-07  1.2580e-07
    20  3.1622e-04  6.0555e-04  9.9296e-04  1.5239e-03  2.0288e-03  2.5498e-03  2.8978e-03  3.2540e-03  3.5794e-03  3.7492e-03  3.6909e-03  3.5387e-03  3.3106e-03  2.9988e-03  2.6849e-03  2.2940e-03  1.9588e-03  1.6442e-03  1.3439e-03  1.0976e-03  4.5130e-04  9.0392e-05  2.9038e-05  1.3546e-05  1.4770e-05  1.5949e-05  1.2586e-05  9.3235e-06  6.5953e-06  4.5846e-06  3.1976e-06  2.2181e-06  1.5322e-06  1.0578e-06  7.3540e-07  5.1247e-07  3.5824e-07  2.5238e-07  1.8405e-07  1.3957e-07
    21  1.4253e-04  4.7641e-04  8.0772e-04  1.0710e-03  1.4612e-03  1.7544e-03  2.0163e-03  2.2911e-03  2.3569e-03  2.4947e-03  2.4949e-03  2.3956e-03  2.2815e-03  2.0843e-03  1.8763e-03  1.6275e-03  1.3907e-03  1.1662e-03  9.9857e-04  8.5463e-04  6.2752e-04  3.0835e-04  1.5860e-04  9.0449e-05  5.3930e-05  3.2743e-05  2.0760e-05  1.3471e-05  8.8484e-06  5.8694e-06  3.9496e-06  2.6817e-06  1.8140e-06  1.2306e-06  8.4468e-07  5.7992e-07  3.9973e-07  2.7889e-07  1.9823e-07  1.5051e-07
    22  1.1617e-04  3.6480e-04  5.5310e-04  8.0282e-04  1.0354e-03  1.2275e-03  1.3489e-03  1.4880e-03  1.5675e-03  1.6237e-03  1.6845e-03  1.6134e-03  1.5212e-03  1.3983e-03  1.2863e-03  1.1517e-03  9.8135e-04  8.5130e-04  7.2964e-04  6.2336e-04  5.0791e-04  3.4034e-04  1.9948e-04  1.1478e-04  6.8194e-05  4.1276e-05  2.5616e-05  1.6295e-05  1.0546e-05  6.8735e-06  4.5677e-06  3.0178e-06  2.0293e-06  1.3603e-06  9.2121e-07  6.2640e-07  4.3043e-07  2.9898e-07  2.1423e-07  1.6186e-07
    23  5.6058e-05  2.0654e-04  3.6321e-04  4.9369e-04  6.4479e-04  8.4598e-04  9.3050e-04  1.0048e-03  1.0721e-03  1.1138e-03  1.1277e-03  1.1282e-03  1.0454e-03  9.6728e-04  8.6824e-04  7.8562e-04  6.8854e-04  5.9589e-04  5.1799e-04  4.4313e-04  3.6807e-04  2.7499e-04  1.8251e-04  1.1527e-04  7.1304e-05  4.4397e-05  2.7960e-05  1.7868e-05  1.1531e-05  7.5400e-06  4.9300e-06  3.2484e-06  2.1763e-06  1.4646e-06  9.8821e-07  6.6893e-07  4.5654e-07  3.1648e-07  2.2533e-07  1.6849e-07
    24  5.6833e-05  1.3141e-04  2.2612e-04  3.5131e-04  4.7157e-04  5.3668e-04  6.2430e-04  6.6627e-04  7.2856e-04  7.6702e-04  7.5919e-04  7.4829e-04  7.1573e-04  6.5932e-04  6.0599e-04  5.3939e-04  4.8356e-04  4.1710e-04  3.6187e-04  3.1415e-04  2.6118e-04  2.0284e-04  1.4648e-04  9.9761e-05  6.5979e-05  4.3056e-05  2.7564e-05  1.7932e-05  1.1694e-05  7.6096e-06  5.0388e-06  3.3527e-06  2.2245e-06  1.4994e-06  1.0044e-06  6.8121e-07  4.6394e-07  3.2155e-07  2.2810e-07  1.7072e-07
    25  4.0029e-05  1.2217e-04  1.9024e-04  2.5777e-04  3.2295e-04  3.7102e-04  4.2134e-04  4.5691e-04  4.8663e-04  5.0598e-04  5.2301e-04  4.9944e-04  4.8643e-04  4.6183e-04  4.2229e-04  3.8354e-04  3.4018e-04  2.9973e-04  2.5738e-04  2.1914e-04  1.8439e-04  1.4776e-04  1.1152e-04  8.0983e-05  5.5563e-05  3.7314e-05  2.5102e-05  1.6636e-05  1.1049e-05  7.3705e-06  4.9145e-06  3.2965e-06  2.2086e-06  1.4814e-06  1.0005e-06  6.7900e-07  4.6135e-07  3.2167e-07  2.2931e-07  1.7183e-07
    26  2.8860e-05  8.6910e-05  1.4358e-04  1.7182e-04  2.0079e-04  2.3676e-04  2.8691e-04  3.1324e-04  3.2890e-04  3.4202e-04  3.5255e-04  3.5021e-04  3.3440e-04  3.2143e-04  2.9505e-04  2.6583e-04  2.3826e-04  2.0782e-04  1.8201e-04  1.5680e-04  1.3093e-04  1.0709e-04  8.3529e-05  6.2194e-05  4.5151e-05  3.1633e-05  2.1780e-05  1.4853e-05  1.0072e-05  6.7354e-06  4.5647e-06  3.0987e-06  2.1036e-06  1.4157e-06  9.4778e-07  6.5020e-07  4.4435e-07  3.0934e-07  2.2173e-07  1.6717e-07
    27  1.2830e-05  4.6857e-05  7.9999e-05  1.1212e-04  1.4078e-04  1.6485e-04  1.9361e-04  2.1501e-04  2.2201e-04  2.3819e-04  2.4226e-04  2.3510e-04  2.2940e-04  2.1507e-04  2.0267e-04  1.8349e-04  1.6434e-04  1.4727e-04  1.2880e-04  1.1032e-04  9.3426e-05  7.6131e-05  6.0952e-05  4.7047e-05  3.5332e-05  2.5549e-05  1.8070e-05  1.2672e-05  8.6756e-06  6.0084e-06  4.0885e-06  2.7582e-06  1.8920e-06  1.2938e-06  8.9154e-07  6.0770e-07  4.2336e-07  2.9604e-07  2.1091e-07  1.5839e-07
    28  5.0682e-06  3.8257e-05  5.5980e-05  8.1005e-05  1.0022e-04  1.1519e-04  1.2746e-04  1.4365e-04  1.5716e-04  1.6163e-04  1.6203e-04  1.6257e-04  1.5705e-04  1.5061e-04  1.3653e-04  1.2763e-04  1.1667e-04  1.0445e-04  9.0485e-05  7.8383e-05  6.6042e-05  5.5152e-05  4.4815e-05  3.5037e-05  2.6722e-05  2.0083e-05  1.4490e-05  1.0307e-05  7.3199e-06  5.1293e-06  3.5788e-06  2.4591e-06  1.6926e-06  1.1716e-06  8.0858e-07  5.6089e-07  3.9141e-07  2.7696e-07  1.9865e-07  1.5054e-07
    29  8.2158e-06  2.5101e-05  3.8706e-05  5.4164e-05  6.9261e-05  8.4257e-05  9.0892e-05  9.8126e-05  1.0799e-04  1.1023e-04  1.0832e-04  1.0829e-04  1.0851e-04  1.0222e-04  9.6921e-05  8.7545e-05  8.0264e-05  7.1882e-05  6.4453e-05  5.5525e-05  4.6503e-05  3.8582e-05  3.1580e-05  2.5468e-05  1.9716e-05  1.5048e-05  1.1246e-05  8.1980e-06  5.9470e-06  4.2702e-06  3.0372e-06  2.1202e-06  1.4877e-06  1.0336e-06  7.1651e-07  5.0492e-07  3.5334e-07  2.5092e-07  1.8108e-07  1.3804e-07
    30  6.1911e-06  1.9734e-05  2.7122e-05  3.8914e-05  4.7333e-05  5.6648e-05  6.2821e-05  6.6827e-05  6.9918e-05  7.3956e-05  7.7491e-05  7.5164e-05  7.2576e-05  6.9899e-05  6.6670e-05  6.1615e-05  5.5361e-05  4.9968e-05  4.4400e-05  3.8767e-05  3.3074e-05  2.8001e-05  2.2785e-05  1.8593e-05  1.4847e-05  1.1483e-05  8.6975e-06  6.4560e-06  4.6749e-06  3.4158e-06  2.4551e-06  1.7669e-06  1.2511e-06  8.8661e-07  6.2797e-07  4.3927e-07  3.1231e-07  2.2069e-07  1.6272e-07  1.2555e-07
    31  3.4150e-06  1.1979e-05  1.9460e-05  2.4343e-05  3.1825e-05  3.6899e-05  4.2280e-05  4.5448e-05  4.8209e-05  4.9322e-05  4.9641e-05  5.0749e-05  5.0668e-05  4.8264e-05  4.4776e-05  4.2493e-05  3.9309e-05  3.5794e-05  3.1563e-05  2.7300e-05  2.3917e-05  2.0105e-05  1.6525e-05  1.3561e-05  1.0860e-05  8.5736e-06  6.5848e-06  5.0037e-06  3.7238e-06  2.7346e-06  1.9960e-06  1.4507e-06  1.0350e-06  7.4221e-07  5.2952e-07  3.8094e-07  2.7145e-07  1.9542e-07  1.4260e-07  1.1118e-07
    32  2.0407e-06  6.5662e-06  1.4299e-05  1.8170e-05  2.1938e-05  2.5417e-05  2.9384e-05  3.1298e-05  3.3267e-05  3.4702e-05  3.5224e-05  3.4509e-05  3.4595e-05  3.3071e-05  3.0711e-05  2.9132e-05  2.7456e-05  2.5156e-05  2.2348e-05  1.9189e-05  1.6778e-05  1.4246e-05  1.1997e-05  9.8217e-06  7.9874e-06  6.3621e-06  5.0243e-06  3.8247e-06  2.8835e-06  2.1630e-06  1.5991e-06  1.1707e-06  8.5219e-07  6.1476e-07  4.4549e-07  3.2040e-07  2.2908e-07  1.6679e-07  1.2439e-07  9.6761e-08
    33  1.8316e-06  4.1997e-06  8.0875e-06  1.1879e-05  1.4470e-05  1.7166e-05  1.9003e-05  2.1409e-05  2.2386e-05  2.2854e-05  2.3124e-05  2.3626e-05  2.3496e-05  2.2809e-05  2.1528e-05  2.0467e-05  1.8992e-05  1.7171e-05  1.5537e-05  1.3602e-05  1.1858e-05  1.0304e-05  8.6114e-06  7.1147e-06  5.7822e-06  4.6928e-06  3.7111e-06  2.9014e-06  2.2287e-06  1.6554e-06  1.2464e-06  9.3244e-07  6.9521e-07  5.0244e-07  3.6407e-07  2.6427e-07  1.9251e-07  1.4237e-07  1.0611e-07  8.3370e-08
    34  9.7847e-07  3.6843e-06  6.2954e-06  8.6919e-06  1.0642e-05  1.2606e-05  1.3088e-05  1.4679e-05  1.5670e-05  1.6041e-05  1.6509e-05  1.6599e-05  1.6158e-05  1.5659e-05  1.5055e-05  1.4089e-05  1.3040e-05  1.2032e-05  1.0900e-05  9.7382e-06  8.4375e-06  7.2429e-06  6.1415e-06  5.1499e-06  4.2078e-06  3.4018e-06  2.7273e-06  2.1601e-06  1.6895e-06  1.2806e-06  9.7080e-07  7.2266e-07  5.4248e-07  4.0256e-07  2.9797e-07  2.1701e-07  1.5980e-07  1.1774e-07  8.8785e-08  7.0101e-08
    35  8.5281e-07  2.3101e-06  4.3640e-06  5.6800e-06  7.3090e-06  8.1996e-06  9.2797e-06  9.7629e-06  1.0265e-05  1.0756e-05  1.0936e-05  1.1205e-05  1.1101e-05  1.0592e-05  1.0455e-05  9.9512e-06  8.8693e-06  8.1864e-06  7.4030e-06  6.6578e-06  5.8875e-06  5.0584e-06  4.3724e-06  3.6725e-06  3.0417e-06  2.4846e-06  2.0073e-06  1.6067e-06  1.2601e-06  9.8182e-07  7.4834e-07  5.6403e-07  4.2255e-07  3.2092e-07  2.3804e-07  1.7376e-07  1.2953e-07  9.5932e-08  7.3592e-08  5.8426e-08
    36  6.6590e-07  1.4566e-06  2.3203e-06  4.2107e-06  4.6981e-06  5.0789e-06  6.0541e-06  6.7603e-06  7.1736e-06  7.4614e-06  7.7307e-06  7.6022e-06  7.3533e-06  7.3264e-06  7.1676e-06  6.7817e-06  6.1390e-06  5.7042e-06  5.1456e-06  4.6852e-06  4.1351e-06  3.6057e-06  3.0328e-06  2.5755e-06  2.1612e-06  1.7850e-06  1.4557e-06  1.1735e-06  9.2945e-07  7.2019e-07  5.6110e-07  4.3105e-07  3.2880e-07  2.4618e-07  1.8507e-07  1.3975e-07  1.0406e-07  7.8095e-08  5.9837e-08  4.7977e-08
    37  3.7645e-07  1.1681e-06  2.0851e-06  2.5835e-06  3.2920e-06  3.7172e-06  4.0256e-06  4.6057e-06  4.9641e-06  5.0073e-06  5.1530e-06  5.1305e-06  5.2663e-06  4.9807e-06  4.6485e-06  4.4022e-06  4.1999e-06  3.9027e-06  3.6071e-06  3.2459e-06  2.8995e-06  2.4878e-06  2.1776e-06  1.7915e-06  1.5228e-06  1.2789e-06  1.0437e-06  8.4009e-07  6.7523e-07  5.3531e-07  4.1573e-07  3.2519e-07  2.4657e-07  1.8737e-07  1.4240e-07  1.0630e-07  7.9900e-08  6.1140e-08  4.7530e-08  3.7880e-08
    38  4.5300e-07  8.4338e-07  1.2371e-06  1.6477e-06  2.2031e-06  2.5537e-06  2.8221e-06  3.1337e-06  3.2575e-06  3.4167e-06  3.4998e-06  3.6009e-06  3.5444e-06  3.3757e-06  3.1671e-06  3.0776e-06  2.8641e-06  2.6149e-06  2.3515e-06  2.1750e-06  1.9427e-06  1.7327e-06  1.5011e-06  1.2797e-06  1.0731e-06  8.9155e-07  7.3102e-07  5.9886e-07  4.8353e-07  3.8664e-07  3.0314e-07  2.3529e-07  1.8235e-07  1.3910e-07  1.0395e-07  7.9742e-08  6.1371e-08  4.6354e-08  3.6101e-08  2.9327e-08
    39  1.2396e-07  4.9659e-07  8.2028e-07  1.0323e-06  1.3249e-06  1.6002e-06  1.7768e-06  2.0265e-06  2.2066e-06  2.2572e-06  2.3595e-06  2.3118e-06  2.3287e-06  2.2162e-06  2.1326e-06  1.9998e-06  1.8891e-06  1.7259e-06  1.6018e-06  1.4444e-06  1.2965e-06  1.1643e-06  9.9653e-07  8.6977e-07  7.4581e-07  6.1206e-07  5.0476e-07  4.0828e-07  3.3492e-07  2.6748e-07  2.1213e-07  1.6667e-07  1.2900e-07  9.9930e-08  7.6820e-08  5.7857e-08  4.3663e-08  3.3781e-08  2.6311e-08  2.1443e-08
    40  6.2450e-08  2.6689e-07  4.3957e-07  6.2288e-07  7.8741e-07  9.7642e-07  1.1598e-06  1.2673e-06  1.3495e-06  1.3660e-06  1.4019e-06  1.4347e-06  1.4467e-06  1.4010e-06  1.3357e-06  1.2154e-06  1.1311e-06  1.0604e-06  9.7219e-07  8.8781e-07  8.0789e-07  7.2686e-07  6.2986e-07  5.3756e-07  4.5440e-07  3.8459e-07  3.1904e-07  2.6205e-07  2.1284e-07  1.7068e-07  1.3654e-07  1.0856e-07  8.3471e-08  6.4877e-08  5.0286e-08  3.8401e-08  2.9105e-08  2.2358e-08  1.7519e-08  1.4262e-08
