 iy/ix           1           2           3           4           5           6           7           8           9          10          11          12          13          14          15          16          17          18          19          20          21          22          23          24          25          26          27          28          29          30          31          32          33          34          35          36          37          38          39          40
     1  4.7478e+00  4.7636e+00  4.7198e+00  4.6487e+00  4.5814e+00  4.4783e+00  4.3030e+00  4.0202e+00  3.6325e+00  2.9649e+00  1.8954e+00  1.2488e+00  8.4498e-01  5.7404e-01  3.9747e-01  2.7371e-01  1.8760e-01  1.3008e-01  9.0093e-02  6.2231e-02  2.4326e-02  4.1170e-03  6.9520e-04  1.1752e-04  3.5289e-05  2.4110e-05  1.6867e-05  1.1677e-05  8.1253e-06  5.6310e-06  3.9078e-06  2.7132e-06  1.8919e-06  1.3072e-06  9.0626e-07  6.2850e-07  4.3049e-07  2.8916e-07  1.8967e-07  1.1158e-07
     2  4.7434e+00  4.7301e+00  4.7217e+00  4.6419e+00  4.5752e+00  4.4646e+00  4.2929e+00  4.0185e+00  3.6027e+00  2.9535e+00  1.8912e+00  1.2411e+00  8.3628e-01  5.7144e-01  3.9367e-01  2.7062e-01  1.8568e-01  1.2894e-01  8.9262e-02  6.1992e-02  2.4318e-02  4.0930e-03  6.9455e-04  1.1747e-04  3.5047e-05  2.4161e-05  1.6757e-05  1.1556e-05  8.0260e-06  5.5723e-06  3.8848e-06  2.6776e-06  1.8563e-06  1.2934e-06  8.9830e-07  6.2003e-07  4.2837e-07  2.8990e-07  1.8918e-07  1.1132e-07
     3  4.7026e+00  4.6981e+00  4.6666e+00  4.6210e+00  4.5688e+00  4.4429e+00  4.2670e+00  4.0073e+00  3.5994e+00  2.9509e+00  1.8929e+00  1.2253e+00  8.2926e-01  5.6519e-01  3.9028e-01  2.6634e-01  1.8350e-01  1.2635e-01  8.7895e-02  6.1013e-02  2.3723e-02  4.0278e-03  6.7812e-04  1.1383e-04  3.4390e-05  2.3878e-05  1.6540e-05  1.1449e-05  7.9036e-06  5.4778e-06  3.7910e-06  2.6327e-06  1.8384e-06  1.2816e-06  8.8813e-07  6.1283e-07  4.2340e-07  2.8669e-07  1.8728e-07  1.1021e-07
     4  4.6793e+00  4.6431e+00  4.6394e+00  4.5676e+00  4.5190e+00  4.3885e+00  4.2257e+00  3.9680e+00  3.5821e+00  2.9136e+00  1.8546e+00  1.2072e+00  8.1310e-01  5.5304e-01  3.7844e-01  2.6122e-01  1.7953e-01  1.2380e-01  8.5691e-02  5.9381e-02  2.3039e-02  3.8946e-03  6.6105e-04  1.1163e-04  3.3615e-05  2.3254e-05  1.6057e-05  1.1059e-05  7.6721e-06  5.3371e-06  3.6927e-06  2.5792e-06  1.7936e-06  1.2495e-06  8.6826e-07  6.0446e-07  4.1666e-07  2.8517e-07  1.8636e-07  1.1032e-07
     5  4.5887e+00  4.5707e+00  4.5563e+00  4.4965e+00  4.4425e+00  4.3253e+00  4.1773e+00  3.8919e+00  3.5197e+00  2.8749e+00  1.8170e+00  1.1711e+00  7.8491e-01  5.3541e-01  3.6451e-01  2.4899e-01  1.7200e-01  1.1951e-01  8.2380e-02  5.7013e-02  2.2330e-02  3.7630e-03  6.3480e-04  1.0766e-04  3.2134e-05  2.2362e-05  1.5489e-05  1.0711e-05  7.4369e-06  5.1910e-06  3.6142e-06  2.5143e-06  1.7516e-06  1.2164e-06  8.4594e-07  5.9004e-07  4.0780e-07  2.7947e-07  1.8361e-07  1.0791e-07
     6  4.4868e+00  4.4730e+00  4.4351e+00  4.3838e+00  4.3212e+00  4.2276e+00  4.0559e+00  3.8053e+00  3.4275e+00  2.7917e+00  1.7595e+00  1.1347e+00  7.5462e-01  5.1026e-01  3.4708e-01  2.3783e-01  1.6346e-01  1.1264e-01  7.7371e-02  5.3919e-02  2.1096e-02  3.5927e-03  6.0669e-04  1.0325e-04  3.0647e-05  2.1353e-05  1.4804e-05  1.0251e-05  7.0914e-06  4.9913e-06  3.4790e-06  2.4124e-06  1.6859e-06  1.1718e-06  8.2061e-07  5.7438e-07  4.0071e-07  2.7621e-07  1.8218e-07  1.0725e-07
     7  4.3109e+00  4.2750e+00  4.2600e+00  4.2332e+00  4.1521e+00  4.0631e+00  3.9192e+00  3.6697e+00  3.2960e+00  2.6832e+00  1.6808e+00  1.0764e+00  7.1144e-01  4.8178e-01  3.2655e-01  2.2149e-01  1.5261e-01  1.0535e-01  7.2718e-02  5.0596e-02  1.9626e-02  3.3266e-03  5.6618e-04  9.5073e-05  2.8700e-05  1.9933e-05  1.3897e-05  9.6486e-06  6.7178e-06  4.7192e-06  3.2901e-06  2.3192e-06  1.6324e-06  1.1501e-06  8.0320e-07  5.6259e-07  3.9240e-07  2.6947e-07  1.8123e-07  1.0701e-07
     8  4.0648e+00  4.0267e+00  3.9994e+00  3.9755e+00  3.8945e+00  3.8278e+00  3.6952e+00  3.4573e+00  3.1275e+00  2.5346e+00  1.5760e+00  9.9310e-01  6.5135e-01  4.4257e-01  2.9771e-01  2.0339e-01  1.3995e-01  9.6508e-02  6.6775e-02  4.6454e-02  1.8014e-02  3.0516e-03  5.1682e-04  8.6898e-05  2.6333e-05  1.8460e-05  1.2829e-05  9.0110e-06  6.3264e-06  4.4255e-06  3.1316e-06  2.2218e-06  1.5655e-06  1.1064e-06  7.8240e-07  5.5236e-07  3.8888e-07  2.6804e-07  1.7915e-07  1.0594e-07
     9  3.6559e+00  3.6436e+00  3.6030e+00  3.5825e+00  3.5141e+00  3.4469e+00  3.3033e+00  3.1200e+00  2.8299e+00  2.3107e+00  1.3914e+00  8.7772e-01  5.8045e-01  3.9060e-01  2.6461e-01  1.8200e-01  1.2527e-01  8.7002e-02  6.0432e-02  4.2140e-02  1.6367e-02  2.7735e-03  4.6789e-04  7.8696e-05  2.3837e-05  1.6877e-05  1.1842e-05  8.3714e-06  5.9149e-06  4.1997e-06  2.9768e-06  2.1300e-06  1.5143e-06  1.0840e-06  7.7312e-07  5.5243e-07  3.8960e-07  2.6972e-07  1.8054e-07  1.0804e-07
    10  2.9761e+00  2.9594e+00  2.9411e+00  2.9183e+00  2.8731e+00  2.7979e+00  2.6816e+00  2.5439e+00  2.3039e+00  1.8884e+00  1.1453e+00  7.3248e-01  4.9032e-01  3.3450e-01  2.2960e-01  1.5952e-01  1.1039e-01  7.6076e-02  5.3640e-02  3.7521e-02  1.4588e-02  2.4721e-03  4.1398e-04  7.0250e-05  2.1649e-05  1.5267e-05  1.0884e-05  7.7099e-06  5.5287e-06  3.9428e-06  2.8518e-06  2.0588e-06  1.4827e-06  1.0765e-06  7.7424e-07  5.5686e-07  3.9439e-07  2.7623e-07  1.8542e-07  1.1132e-07
    11  1.9072e+00  1.8985e+00  1.8887e+00  1.8656e+00  1.8272e+00  1.7637e+00  1.6794e+00  1.5562e+00  1.3879e+00  1.1419e+00  8.1529e-01  5.6703e-01  3.9434e-01  2.7482e-01  1.9213e-01  1.3411e-01  9.4974e-02  6.5933e-02  4.6369e-02  3.2695e-02  1.2632e-02  2.1393e-03  3.6215e-04  6.1688e-05  1.9300e-05  1.3783e-05  9.9287e-06  7.1603e-06  5.2073e-06  3.7863e-06  2.7645e-06  2.0304e-06  1.4915e-06  1.0864e-06  7.8674e-07  5.7191e-07  4.1092e-07  2.8808e-07  1.9460e-07  1.1683e-07
    12  1.2439e+00  1.2447e+00  1.2351e+00  1.2142e+00  1.1810e+00  1.1322e+00  1.0727e+00  9.7642e-01  8.6502e-01  7.2573e-01  5.6946e-01  4.2119e-01  3.0624e-01  2.1989e-01  1.5754e-01  1.1148e-01  7.9017e-02  5.6339e-02  3.9626e-02  2.7988e-02  1.0853e-02  1.8334e-03  3.1108e-04  5.3095e-05  1.7055e-05  1.2399e-05  9.1586e-06  6.7660e-06  5.0057e-06  3.7070e-06  2.7702e-06  2.0540e-06  1.5284e-06  1.1269e-06  8.2360e-07  6.0071e-07  4.3641e-07  3.0716e-07  2.0737e-07  1.2595e-07
    13  8.4496e-01  8.4286e-01  8.3211e-01  8.1281e-01  7.8627e-01  7.5407e-01  7.1087e-01  6.4711e-01  5.7250e-01  4.8649e-01  3.9341e-01  3.0773e-01  2.3048e-01  1.7029e-01  1.2435e-01  9.0342e-02  6.4870e-02  4.6610e-02  3.3098e-02  2.3362e-02  9.0752e-03  1.5426e-03  2.6114e-04  4.5244e-05  1.5065e-05  1.1286e-05  8.5861e-06  6.5126e-06  4.9762e-06  3.8044e-06  2.8777e-06  2.1856e-06  1.6350e-06  1.2141e-06  8.9302e-07  6.5738e-07  4.7414e-07  3.3438e-07  2.2687e-07  1.3690e-07
    14  5.7762e-01  5.7428e-01  5.6452e-01  5.5387e-01  5.3548e-01  5.1114e-01  4.7574e-01  4.3601e-01  3.8636e-01  3.3481e-01  2.7523e-01  2.1952e-01  1.7089e-01  1.2889e-01  9.6012e-02  7.0908e-02  5.2053e-02  3.7859e-02  2.7203e-02  1.9427e-02  7.5493e-03  1.2705e-03  2.1565e-04  3.7740e-05  1.3521e-05  1.0603e-05  8.4149e-06  6.6412e-06  5.2417e-06  4.1021e-06  3.1597e-06  2.4176e-06  1.8113e-06  1.3593e-06  1.0016e-06  7.3391e-07  5.2890e-07  3.7157e-07  2.5178e-07  1.5263e-07
    15  3.9538e-01  3.9362e-01  3.8793e-01  3.7702e-01  3.6459e-01  3.4712e-01  3.2309e-01  2.9605e-01  2.6439e-01  2.3041e-01  1.9231e-01  1.5662e-01  1.2376e-01  9.6542e-02  7.3231e-02  5.4803e-02  4.0717e-02  3.0180e-02  2.1908e-02  1.5718e-02  6.0768e-03  1.0313e-03  1.7696e-04  3.1095e-05  1.2571e-05  1.0551e-05  8.8408e-06  7.3108e-06  5.9577e-06  4.7408e-06  3.6493e-06  2.7847e-06  2.0904e-06  1.5701e-06  1.1486e-06  8.3584e-07  6.0033e-07  4.2334e-07  2.8172e-07  1.6963e-07
    16  2.7284e-01  2.6975e-01  2.6649e-01  2.5857e-01  2.5019e-01  2.3778e-01  2.2214e-01  2.0310e-01  1.8170e-01  1.5925e-01  1.3560e-01  1.1154e-01  9.0204e-02  7.1534e-02  5.5193e-02  4.1819e-02  3.1484e-02  2.3487e-02  1.7333e-02  1.2550e-02  4.8130e-03  8.0930e-04  1.3829e-04  2.5393e-05  1.2739e-05  1.1605e-05  1.0311e-05  8.7585e-06  7.2467e-06  5.7430e-06  4.4482e-06  3.3453e-06  2.5060e-06  1.8464e-06  1.3518e-06  9.6926e-07  6.9306e-07  4.8127e-07  3.2098e-07  1.9165e-07
    17  1.8770e-01  1.8583e-01  1.8348e-01  1.7868e-01  1.7246e-01  1.6310e-01  1.5141e-01  1.3944e-01  1.2522e-01  1.1066e-01  9.5023e-02  7.9285e-02  6.4900e-02  5.2313e-02  4.1008e-02  3.1567e-02  2.4224e-02  1.8255e-02  1.3517e-02  9.9343e-03  3.7747e-03  6.3160e-04  1.0878e-04  2.1538e-05  1.4674e-05  1.4722e-05  1.3510e-05  1.1511e-05  9.3441e-06  7.2698e-06  5.5478e-06  4.1511e-06  3.0518e-06  2.2124e-06  1.5993e-06  1.1381e-06  7.9750e-07  5.4887e-07  3.6388e-07  2.1742e-07
    18  1.2904e-01  1.2826e-01  1.2702e-01  1.2267e-01  1.1839e-01  1.1202e-01  1.0433e-01  9.6407e-02  8.6854e-02  7.6577e-02  6.6410e-02  5.6343e-02  4.6425e-02  3.7673e-02  3.0095e-02  2.3741e-02  1.8275e-02  1.4011e-02  1.0474e-02  7.7012e-03  2.9298e-03  4.9046e-04  8.6931e-05  2.0372e-05  1.9991e-05  2.1368e-05  1.9508e-05  1.6010e-05  1.2519e-05  9.4925e-06  7.0531e-06  5.1172e-06  3.6919e-06  2.6417e-06  1.8745e-06  1.3213e-06  9.1762e-07  6.3235e-07  4.1619e-07  2.4476e-07
    19  9.0001e-02  8.8802e-02  8.7402e-02  8.4448e-02  8.1727e-02  7.6819e-02  7.2121e-02  6.6696e-02  6.0459e-02  5.3281e-02  4.6323e-02  3.9568e-02  3.3110e-02  2.7155e-02  2.2012e-02  1.7475e-02  1.3790e-02  1.0576e-02  7.9977e-03  5.8607e-03  2.2487e-03  3.9226e-04  8.1872e-05  2.8304e-05  3.3937e-05  3.5139e-05  2.9954e-05  2.3027e-05  1.7138e-05  1.2553e-05  8.9427e-06  6.2831e-06  4.4139e-06  3.1256e-06  2.1817e-06  1.5255e-06  1.0478e-06  7.1136e-07  4.6554e-07  2.7375e-07
    20  6.2131e-02  6.1698e-02  6.0492e-02  5.8338e-02  5.6278e-02  5.3332e-02  4.9919e-02  4.6089e-02  4.1895e-02  3.7162e-02  3.2638e-02  2.8078e-02  2.3674e-02  1.9601e-02  1.5977e-02  1.2784e-02  1.0149e-02  7.9292e-03  6.0299e-03  4.4210e-03  1.7489e-03  4.2843e-04  1.6909e-04  9.0666e-05  7.6209e-05  6.3348e-05  4.5959e-05  3.2552e-05  2.2856e-05  1.5931e-05  1.0999e-05  7.5753e-06  5.2091e-06  3.6025e-06  2.4868e-06  1.7187e-06  1.1675e-06  7.8680e-07  5.1219e-07  3.0137e-07
    21  4.2759e-02  4.2384e-02  4.1732e-02  4.0375e-02  3.8835e-02  3.6818e-02  3.4601e-02  3.1941e-02  2.8978e-02  2.6036e-02  2.2886e-02  1.9860e-02  1.6851e-02  1.4068e-02  1.1614e-02  9.3882e-03  7.4771e-03  5.8633e-03  4.4885e-03  3.2946e-03  1.8385e-03  8.5116e-04  4.4978e-04  2.6040e-04  1.5520e-04  9.8097e-05  6.3690e-05  4.2463e-05  2.8323e-05  1.9068e-05  1.2895e-05  8.7551e-06  5.9855e-06  4.0772e-06  2.7796e-06  1.8913e-06  1.2851e-06  8.5830e-07  5.5960e-07  3.2515e-07
    22  2.9531e-02  2.9391e-02  2.8717e-02  2.8000e-02  2.6952e-02  2.5494e-02  2.3927e-02  2.2216e-02  2.0209e-02  1.8122e-02  1.6027e-02  1.3953e-02  1.1972e-02  1.0024e-02  8.3552e-03  6.8179e-03  5.4683e-03  4.3380e-03  3.3400e-03  2.4648e-03  1.6340e-03  9.5969e-04  5.4725e-04  3.1975e-04  1.9238e-04  1.1926e-04  7.6335e-05  4.9420e-05  3.2583e-05  2.1622e-05  1.4471e-05  9.7032e-06  6.5373e-06  4.4063e-06  3.0001e-06  2.0282e-06  1.3675e-06  9.1709e-07  5.9704e-07  3.4701e-07
    23  2.0424e-02  2.0315e-02  1.9894e-02  1.9268e-02  1.8586e-02  1.7721e-02  1.6582e-02  1.5301e-02  1.4119e-02  1.2660e-02  1.1233e-02  9.8941e-03  8.4924e-03  7.1688e-03  5.9831e-03  4.9415e-03  4.0035e-03  3.1893e-03  2.4552e-03  1.8579e-03  1.3092e-03  8.6280e-04  5.4110e-04  3.3432e-04  2.0568e-04  1.2990e-04  8.3437e-05  5.3955e-05  3.5279e-05  2.3427e-05  1.5588e-05  1.0367e-05  6.9613e-06  4.6917e-06  3.1808e-06  2.1432e-06  1.4364e-06  9.5781e-07  6.2287e-07  3.6044e-07
    24  1.4156e-02  1.4119e-02  1.3827e-02  1.3362e-02  1.2876e-02  1.2247e-02  1.1506e-02  1.0640e-02  9.7600e-03  8.8592e-03  7.9226e-03  6.9637e-03  5.9937e-03  5.1137e-03  4.2819e-03  3.5593e-03  2.9153e-03  2.3326e-03  1.8298e-03  1.4022e-03  1.0238e-03  7.0978e-04  4.7820e-04  3.1105e-04  1.9932e-04  1.2930e-04  8.3743e-05  5.4834e-05  3.6201e-05  2.3940e-05  1.5886e-05  1.0655e-05  7.1463e-06  4.7843e-06  3.2454e-06  2.1812e-06  1.4755e-06  9.7766e-07  6.3128e-07  3.6606e-07
    25  9.8727e-03  9.7501e-03  9.5690e-03  9.2951e-03  8.9524e-03  8.4637e-03  8.0201e-03  7.4319e-03  6.8324e-03  6.1815e-03  5.5576e-03  4.8844e-03  4.2285e-03  3.6364e-03  3.0675e-03  2.5651e-03  2.1252e-03  1.7103e-03  1.3524e-03  1.0528e-03  7.8436e-04  5.6682e-04  3.9452e-04  2.6913e-04  1.7941e-04  1.1966e-04  7.9287e-05  5.2575e-05  3.5019e-05  2.3316e-05  1.5736e-05  1.0536e-05  7.0909e-06  4.7616e-06  3.2205e-06  2.1749e-06  1.4655e-06  9.7250e-07  6.2893e-07  3.6572e-07
    26  6.7762e-03  6.7357e-03  6.6020e-03  6.4572e-03  6.1895e-03  5.8775e-03  5.5369e-03  5.1665e-03  4.7603e-03  4.3285e-03  3.8862e-03  3.4409e-03  2.9858e-03  2.5677e-03  2.1825e-03  1.8443e-03  1.5326e-03  1.2435e-03  9.9001e-04  7.7552e-04  5.9343e-04  4.4317e-04  3.1638e-04  2.2431e-04  1.5468e-04  1.0492e-04  7.1556e-05  4.8415e-05  3.2470e-05  2.2010e-05  1.4896e-05  1.0040e-05  6.7911e-06  4.6015e-06  3.1282e-06  2.1022e-06  1.4243e-06  9.4782e-07  6.1364e-07  3.5721e-07
    27  4.6912e-03  4.6343e-03  4.5916e-03  4.4563e-03  4.2816e-03  4.0900e-03  3.8637e-03  3.6020e-03  3.3121e-03  3.0128e-03  2.7211e-03  2.4119e-03  2.1165e-03  1.8296e-03  1.5695e-03  1.3194e-03  1.1015e-03  9.0525e-04  7.2837e-04  5.7449e-04  4.4724e-04  3.3799e-04  2.4896e-04  1.8052e-04  1.2872e-04  8.9726e-05  6.2394e-05  4.3019e-05  2.9185e-05  2.0066e-05  1.3633e-05  9.3298e-06  6.3344e-06  4.3053e-06  2.9349e-06  1.9994e-06  1.3583e-06  9.0849e-07  5.8532e-07  3.3948e-07
    28  3.2693e-03  3.2297e-03  3.1750e-03  3.0887e-03  2.9727e-03  2.8348e-03  2.6860e-03  2.4958e-03  2.3042e-03  2.1140e-03  1.9064e-03  1.7112e-03  1.4989e-03  1.3019e-03  1.1188e-03  9.5136e-04  7.9886e-04  6.5524e-04  5.3369e-04  4.2457e-04  3.3303e-04  2.5544e-04  1.9342e-04  1.4285e-04  1.0375e-04  7.4073e-05  5.2459e-05  3.6620e-05  2.5645e-05  1.7635e-05  1.2164e-05  8.3834e-06  5.7632e-06  3.9626e-06  2.7097e-06  1.8529e-06  1.2660e-06  8.5143e-07  5.5188e-07  3.2146e-07
    29  2.2645e-03  2.2337e-03  2.2059e-03  2.1395e-03  2.0578e-03  1.9688e-03  1.8543e-03  1.7372e-03  1.6092e-03  1.4632e-03  1.3317e-03  1.1934e-03  1.0574e-03  9.1973e-04  7.9625e-04  6.8042e-04  5.7140e-04  4.7265e-04  3.8970e-04  3.1214e-04  2.4837e-04  1.9239e-04  1.4778e-04  1.1123e-04  8.1775e-05  5.9498e-05  4.2866e-05  3.0552e-05  2.1713e-05  1.5270e-05  1.0640e-05  7.3638e-06  5.1303e-06  3.5702e-06  2.4750e-06  1.6923e-06  1.1550e-06  7.8136e-07  5.0982e-07  2.9747e-07
    30  1.5670e-03  1.5518e-03  1.5259e-03  1.4783e-03  1.4285e-03  1.3616e-03  1.2933e-03  1.2161e-03  1.1125e-03  1.0306e-03  9.3158e-04  8.3890e-04  7.4618e-04  6.5350e-04  5.6711e-04  4.8797e-04  4.0916e-04  3.4285e-04  2.8180e-04  2.2935e-04  1.8344e-04  1.4496e-04  1.1175e-04  8.5648e-05  6.4299e-05  4.6982e-05  3.4628e-05  2.5031e-05  1.8026e-05  1.2826e-05  9.0515e-06  6.3834e-06  4.4826e-06  3.1407e-06  2.1896e-06  1.5070e-06  1.0336e-06  7.0105e-07  4.6355e-07  2.7200e-07
    31  1.0813e-03  1.0847e-03  1.0561e-03  1.0241e-03  9.9340e-04  9.4099e-04  8.9162e-04  8.3856e-04  7.7937e-04  7.1277e-04  6.4578e-04  5.8621e-04  5.2240e-04  4.5970e-04  4.0013e-04  3.4699e-04  2.9623e-04  2.4850e-04  2.0591e-04  1.6815e-04  1.3479e-04  1.0762e-04  8.3919e-05  6.4672e-05  4.9492e-05  3.7049e-05  2.7377e-05  2.0116e-05  1.4600e-05  1.0592e-05  7.5664e-06  5.3820e-06  3.8221e-06  2.7130e-06  1.9001e-06  1.3156e-06  9.1015e-07  6.2087e-07  4.0890e-07  2.4221e-07
    32  7.4930e-04  7.4895e-04  7.3839e-04  7.1289e-04  6.8620e-04  6.5499e-04  6.2038e-04  5.8199e-04  5.4131e-04  4.9937e-04  4.5338e-04  4.0843e-04  3.6896e-04  3.2672e-04  2.8494e-04  2.4568e-04  2.1095e-04  1.7854e-04  1.4846e-04  1.2162e-04  9.8723e-05  7.9653e-05  6.2265e-05  4.8980e-05  3.7452e-05  2.8639e-05  2.1555e-05  1.6068e-05  1.1676e-05  8.5797e-06  6.2378e-06  4.4914e-06  3.2024e-06  2.2879e-06  1.6214e-06  1.1300e-06  7.8758e-07  5.4309e-07  3.5986e-07  2.1178e-07
    33  5.1901e-04  5.1736e-04  5.0912e-04  4.9515e-04  4.7360e-04  4.5452e-04  4.3158e-04  4.0406e-04  3.7692e-04  3.4896e-04  3.1780e-04  2.8712e-04  2.5778e-04  2.3049e-04  2.0125e-04  1.7488e-04  1.4956e-04  1.2802e-04  1.0749e-04  8.8440e-05  7.2212e-05  5.8473e-05  4.6553e-05  3.6524e-05  2.8616e-05  2.2069e-05  1.6817e-05  1.2606e-05  9.3442e-06  6.9019e-06  5.0513e-06  3.6919e-06  2.6464e-06  1.8955e-06  1.3496e-06  9.5981e-07  6.7406e-07  4.6361e-07  3.1069e-07  1.8437e-07
    34  3.6118e-04  3.5723e-04  3.5168e-04  3.4440e-04  3.2899e-04  3.1393e-04  2.9866e-04  2.8183e-04  2.6344e-04  2.4436e-04  2.2120e-04  2.0141e-04  1.8037e-04  1.6098e-04  1.4289e-04  1.2364e-04  1.0683e-04  9.0916e-05  7.6966e-05  6.4232e-05  5.2432e-05  4.2736e-05  3.4424e-05  2.7412e-05  2.1586e-05  1.6615e-05  1.2805e-05  9.7758e-06  7.3387e-06  5.4442e-06  4.0224e-06  2.9545e-06  2.1536e-06  1.5597e-06  1.1238e-06  8.0219e-07  5.6740e-07  3.9292e-07  2.6203e-07  1.5666e-07
    35  2.4994e-04  2.4794e-04  2.4500e-04  2.3779e-04  2.2798e-04  2.1957e-04  2.0971e-04  1.9661e-04  1.8316e-04  1.6984e-04  1.5554e-04  1.4078e-04  1.2662e-04  1.1333e-04  1.0027e-04  8.7544e-05  7.5509e-05  6.4985e-05  5.5049e-05  4.6286e-05  3.8208e-05  3.0991e-05  2.5349e-05  2.0340e-05  1.5960e-05  1.2475e-05  9.7089e-06  7.5021e-06  5.6454e-06  4.2675e-06  3.1717e-06  2.3520e-06  1.7344e-06  1.2635e-06  9.1599e-07  6.5912e-07  4.6962e-07  3.2608e-07  2.1804e-07  1.3081e-07
    36  1.7240e-04  1.6999e-04  1.6842e-04  1.6432e-04  1.5833e-04  1.5079e-04  1.4388e-04  1.3611e-04  1.2691e-04  1.1820e-04  1.0807e-04  9.8361e-05  8.8653e-05  7.9192e-05  6.9677e-05  6.1390e-05  5.3473e-05  4.5855e-05  3.9129e-05  3.3060e-05  2.7390e-05  2.2589e-05  1.8331e-05  1.4779e-05  1.1741e-05  9.3072e-06  7.2708e-06  5.6520e-06  4.3334e-06  3.2707e-06  2.4737e-06  1.8385e-06  1.3698e-06  1.0015e-06  7.3329e-07  5.2721e-07  3.7881e-07  2.6621e-07  1.7835e-07  1.0811e-07
    37  1.1757e-04  1.1672e-04  1.1411e-04  1.1216e-04  1.0879e-04  1.0409e-04  9.9298e-05  9.3854e-05  8.7272e-05  8.1622e-05  7.4809e-05  6.8137e-05  6.1614e-05  5.4718e-05  4.8579e-05  4.3082e-05  3.7343e-05  3.2220e-05  2.7596e-05  2.3406e-05  1.9555e-05  1.6165e-05  1.3314e-05  1.0698e-05  8.5570e-06  6.8287e-06  5.3745e-06  4.1866e-06  3.2338e-06  2.4852e-06  1.8813e-06  1.4129e-06  1.0552e-06  7.7973e-07  5.7072e-07  4.1425e-07  2.9683e-07  2.1043e-07  1.4202e-07  8.6140e-08
    38  7.9894e-05  7.8895e-05  7.7443e-05  7.5372e-05  7.3304e-05  7.0695e-05  6.7229e-05  6.3569e-05  5.9376e-05  5.5129e-05  5.1208e-05  4.6542e-05  4.2004e-05  3.7688e-05  3.3322e-05  2.9524e-05  2.5676e-05  2.2400e-05  1.9147e-05  1.6321e-05  1.3794e-05  1.1318e-05  9.3844e-06  7.6394e-06  6.1365e-06  4.9042e-06  3.8796e-06  3.0454e-06  2.3716e-06  1.8270e-06  1.3965e-06  1.0488e-06  7.9192e-07  5.8773e-07  4.3287e-07  3.1787e-07  2.2887e-07  1.6232e-07  1.1003e-07  6.6835e-08
    39  5.1847e-05  5.1438e-05  5.0536e-05  4.9401e-05  4.7942e-05  4.5938e-05  4.4000e-05  4.1696e-05  3.8917e-05  3.6375e-05  3.3429e-05  3.0703e-05  2.7722e-05  2.4768e-05  2.2070e-05  1.9567e-05  1.7143e-05  1.4933e-05  1.2799e-05  1.0924e-05  9.2555e-06  7.6854e-06  6.3058e-06  5.1679e-06  4.2298e-06  3.3729e-06  2.6833e-06  2.1198e-06  1.6577e-06  1.2780e-06  9.7834e-07  7.4474e-07  5.6393e-07  4.2198e-07  3.1406e-07  2.2992e-07  1.6652e-07  1.1896e-07  8.0979e-08  4.9304e-08
    40  3.0436e-05  3.0282e-05  2.9874e-05  2.9033e-05  2.8213e-05  2.6995e-05  2.5877e-05  2.4440e-05  2.3105e-05  2.1397e-05  1.9808e-05  1.8137e-05  1.6365e-05  1.4700e-05  1.3205e-05  1.1559e-05  1.0215e-05  8.9004e-06  7.6476e-06  6.5540e-06  5.5323e-06  4.6154e-06  3.8354e-06  3.1567e-06  2.5659e-06  2.0719e-06  1.6487e-06  1.3015e-06  1.0228e-06  7.9640e-07  6.1070e-07  4.6647e-07  3.5482e-07  2.6791e-07  1.9959e-07  1.4615e-07  1.0621e-07  7.6134e-08  5.2116e-08  3.2390e-08
