 iy/ix           1           2           3           4           5           6           7           8           9          10          11          12          13          14          15          16          17          18          19          20          21          22          23          24          25          26          27          28          29          30          31          32          33          34          35          36          37          38          39          40
     1  1.9980e-02  1.7472e-02  1.6798e-02  1.6396e-02  1.6143e-02  1.5884e-02  1.5522e-02  1.4955e-02  1.4103e-02  1.2382e-02  8.8460e-03  6.0917e-03  4.2532e-03  2.9628e-03  2.0888e-03  1.4595e-03  1.0215e-03  7.1641e-04  5.0753e-04  3.6358e-04  1.4916e-04  3.1533e-05  5.9555e-06  1.0738e-06  3.0937e-07  1.9556e-07  1.3156e-07  8.9374e-08  6.1375e-08  4.2019e-08  2.8992e-08  2.0007e-08  1.3929e-08  9.5859e-09  6.6096e-09  4.6022e-09  3.1673e-09  2.1371e-09  1.4096e-09  8.3083e-10
     2  1.7437e-02  1.5359e-02  1.4823e-02  1.4441e-02  1.4243e-02  1.4019e-02  1.3678e-02  1.3152e-02  1.2308e-02  1.0841e-02  7.8123e-03  5.3969e-03  3.7628e-03  2.6445e-03  1.8588e-03  1.3038e-03  9.1587e-04  6.4725e-04  4.5609e-04  3.2666e-04  1.3470e-04  2.7618e-05  5.1413e-06  9.3035e-07  2.7296e-07  1.7824e-07  1.2089e-07  8.2541e-08  5.6675e-08  3.8958e-08  2.7026e-08  1.8582e-08  1.2858e-08  8.9693e-09  6.2130e-09  4.3016e-09  2.9790e-09  2.0132e-09  1.3180e-09  7.7888e-10
     3  1.6697e-02  1.4783e-02  1.4289e-02  1.3998e-02  1.3853e-02  1.3596e-02  1.3236e-02  1.2732e-02  1.1933e-02  1.0515e-02  7.5630e-03  5.1274e-03  3.5861e-03  2.5168e-03  1.7754e-03  1.2395e-03  8.6884e-04  6.0842e-04  4.3059e-04  3.0877e-04  1.2810e-04  2.6540e-05  4.8982e-06  8.6749e-07  2.5118e-07  1.6548e-07  1.1289e-07  7.7685e-08  5.3295e-08  3.6840e-08  2.5441e-08  1.7608e-08  1.2276e-08  8.5505e-09  5.9567e-09  4.1203e-09  2.8492e-09  1.9243e-09  1.2588e-09  7.4383e-10
     4  1.6485e-02  1.4417e-02  1.4044e-02  1.3751e-02  1.3606e-02  1.3363e-02  1.3029e-02  1.2551e-02  1.1790e-02  1.0277e-02  7.3343e-03  5.0099e-03  3.4642e-03  2.4184e-03  1.6886e-03  1.1889e-03  8.3480e-04  5.8426e-04  4.1140e-04  2.9373e-04  1.2233e-04  2.5464e-05  4.7282e-06  8.4716e-07  2.4073e-07  1.5569e-07  1.0509e-07  7.1857e-08  4.9638e-08  3.4590e-08  2.3804e-08  1.6672e-08  1.1634e-08  8.0733e-09  5.6062e-09  3.9130e-09  2.7026e-09  1.8539e-09  1.2153e-09  7.2450e-10
     5  1.6210e-02  1.4196e-02  1.3836e-02  1.3566e-02  1.3378e-02  1.3161e-02  1.2912e-02  1.2291e-02  1.1605e-02  1.0133e-02  7.2195e-03  4.8701e-03  3.3508e-03  2.3344e-03  1.6193e-03  1.1226e-03  7.8890e-04  5.5860e-04  3.9180e-04  2.8120e-04  1.1793e-04  2.4351e-05  4.5163e-06  8.0954e-07  2.2659e-07  1.4640e-07  9.9125e-08  6.7424e-08  4.6602e-08  3.2536e-08  2.2765e-08  1.5730e-08  1.1039e-08  7.6208e-09  5.2874e-09  3.7072e-09  2.5675e-09  1.7648e-09  1.1649e-09  6.8847e-10
     6  1.5923e-02  1.4003e-02  1.3526e-02  1.3315e-02  1.3138e-02  1.2974e-02  1.2630e-02  1.2120e-02  1.1339e-02  9.9418e-03  7.0342e-03  4.7409e-03  3.2339e-03  2.2401e-03  1.5450e-03  1.0745e-03  7.4941e-04  5.2491e-04  3.6639e-04  2.6316e-04  1.1042e-04  2.3171e-05  4.3116e-06  7.7410e-07  2.1354e-07  1.3814e-07  9.2709e-08  6.3363e-08  4.3442e-08  3.0464e-08  2.1232e-08  1.4691e-08  1.0293e-08  7.1467e-09  5.0149e-09  3.5066e-09  2.4531e-09  1.6992e-09  1.1303e-09  6.6706e-10
     7  1.5578e-02  1.3639e-02  1.3216e-02  1.3012e-02  1.2829e-02  1.2645e-02  1.2326e-02  1.1834e-02  1.1059e-02  9.6673e-03  6.8192e-03  4.5668e-03  3.0813e-03  2.1284e-03  1.4696e-03  1.0115e-03  7.0548e-04  4.9341e-04  3.4709e-04  2.4826e-04  1.0315e-04  2.1472e-05  4.0080e-06  7.1058e-07  1.9887e-07  1.2780e-07  8.6076e-08  5.8826e-08  4.0424e-08  2.8293e-08  1.9604e-08  1.3770e-08  9.7298e-09  6.8450e-09  4.7729e-09  3.3348e-09  2.3221e-09  1.6034e-09  1.0879e-09  6.4203e-10
     8  1.5097e-02  1.3185e-02  1.2690e-02  1.2550e-02  1.2311e-02  1.2150e-02  1.1914e-02  1.1419e-02  1.0704e-02  9.2841e-03  6.5414e-03  4.2661e-03  2.8862e-03  1.9853e-03  1.3514e-03  9.3879e-04  6.5246e-04  4.5652e-04  3.1881e-04  2.2988e-04  9.5318e-05  1.9871e-05  3.7082e-06  6.5186e-07  1.8156e-07  1.1747e-07  7.8859e-08  5.4136e-08  3.7521e-08  2.5903e-08  1.8242e-08  1.2905e-08  9.0396e-09  6.3735e-09  4.5020e-09  3.1537e-09  2.2256e-09  1.5415e-09  1.0382e-09  6.1916e-10
     9  1.4187e-02  1.2421e-02  1.1974e-02  1.1780e-02  1.1577e-02  1.1430e-02  1.1141e-02  1.0733e-02  1.0064e-02  8.7868e-03  5.9979e-03  3.9204e-03  2.6410e-03  1.7882e-03  1.2265e-03  8.5444e-04  5.9214e-04  4.1527e-04  2.9240e-04  2.0937e-04  8.7227e-05  1.8250e-05  3.3575e-06  5.9360e-07  1.6496e-07  1.0705e-07  7.2371e-08  4.9844e-08  3.4529e-08  2.4200e-08  1.6914e-08  1.2023e-08  8.4741e-09  6.0453e-09  4.2996e-09  3.0553e-09  2.1642e-09  1.5061e-09  1.0174e-09  6.1365e-10
    10  1.2397e-02  1.0857e-02  1.0457e-02  1.0296e-02  1.0136e-02  9.9469e-03  9.6407e-03  9.3615e-03  8.7675e-03  7.6529e-03  5.2188e-03  3.4002e-03  2.2867e-03  1.5668e-03  1.0891e-03  7.6131e-04  5.2955e-04  3.6852e-04  2.6216e-04  1.8888e-04  7.8542e-05  1.6266e-05  2.9814e-06  5.2984e-07  1.5011e-07  9.7026e-08  6.5945e-08  4.5490e-08  3.1880e-08  2.2281e-08  1.5856e-08  1.1318e-08  8.0638e-09  5.8232e-09  4.1738e-09  3.0133e-09  2.1403e-09  1.5235e-09  1.0293e-09  6.2716e-10
    11  8.9472e-03  7.8326e-03  7.5450e-03  7.3871e-03  7.2493e-03  7.0379e-03  6.7973e-03  6.4363e-03  5.9682e-03  5.2061e-03  3.8610e-03  2.6940e-03  1.8806e-03  1.3190e-03  9.2404e-04  6.4648e-04  4.6011e-04  3.2304e-04  2.2983e-04  1.6599e-04  6.8295e-05  1.4128e-05  2.6118e-06  4.6793e-07  1.3269e-07  8.6542e-08  5.9245e-08  4.1293e-08  2.9197e-08  2.0832e-08  1.5002e-08  1.0908e-08  7.9709e-09  5.7917e-09  4.2061e-09  3.0715e-09  2.2243e-09  1.5777e-09  1.0825e-09  6.5777e-10
    12  6.0878e-03  5.4143e-03  5.1588e-03  5.0228e-03  4.9143e-03  4.7447e-03  4.5346e-03  4.2148e-03  3.8401e-03  3.3657e-03  2.7117e-03  2.0230e-03  1.4784e-03  1.0679e-03  7.6799e-04  5.4561e-04  3.8759e-04  2.7911e-04  1.9760e-04  1.4284e-04  5.9408e-05  1.2181e-05  2.2620e-06  4.0212e-07  1.1599e-07  7.6581e-08  5.3495e-08  3.7907e-08  2.7286e-08  1.9818e-08  1.4682e-08  1.0866e-08  8.1230e-09  6.0198e-09  4.4372e-09  3.2659e-09  2.3958e-09  1.7127e-09  1.1721e-09  7.2215e-10
    13  4.2612e-03  3.7882e-03  3.6024e-03  3.4689e-03  3.3563e-03  3.2363e-03  3.0867e-03  2.8693e-03  2.6039e-03  2.2708e-03  1.8811e-03  1.4828e-03  1.1237e-03  8.3404e-04  6.1518e-04  4.4791e-04  3.2012e-04  2.3268e-04  1.6704e-04  1.2124e-04  5.0194e-05  1.0363e-05  1.9038e-06  3.4451e-07  1.0034e-07  6.7495e-08  4.8131e-08  3.5354e-08  2.6558e-08  2.0112e-08  1.5261e-08  1.1715e-08  8.8855e-09  6.6624e-09  4.9435e-09  3.6844e-09  2.6805e-09  1.9158e-09  1.3260e-09  8.0514e-10
    14  2.9831e-03  2.6495e-03  2.5084e-03  2.4135e-03  2.3294e-03  2.2390e-03  2.1212e-03  1.9726e-03  1.7817e-03  1.5745e-03  1.3178e-03  1.0678e-03  8.3407e-04  6.3932e-04  4.7691e-04  3.5467e-04  2.6132e-04  1.9044e-04  1.3782e-04  1.0202e-04  4.2323e-05  8.5756e-06  1.5776e-06  2.8385e-07  8.6518e-08  6.0511e-08  4.5829e-08  3.5459e-08  2.8100e-08  2.2199e-08  1.7332e-08  1.3480e-08  1.0236e-08  7.7630e-09  5.7897e-09  4.2780e-09  3.1145e-09  2.2058e-09  1.5150e-09  9.2862e-10
    15  2.0715e-03  1.8558e-03  1.7585e-03  1.6792e-03  1.6130e-03  1.5525e-03  1.4540e-03  1.3486e-03  1.2317e-03  1.0939e-03  9.2565e-04  7.6318e-04  6.1086e-04  4.8117e-04  3.6619e-04  2.7552e-04  2.0483e-04  1.5372e-04  1.1258e-04  8.3321e-05  3.4213e-05  6.9892e-06  1.3053e-06  2.3530e-07  7.6348e-08  5.8567e-08  4.8175e-08  4.0362e-08  3.3482e-08  2.7043e-08  2.1152e-08  1.6374e-08  1.2445e-08  9.3852e-09  6.9072e-09  5.0558e-09  3.6547e-09  2.5936e-09  1.7473e-09  1.0648e-09
    16  1.4563e-03  1.2973e-03  1.2382e-03  1.1755e-03  1.1282e-03  1.0757e-03  1.0112e-03  9.3676e-04  8.5283e-04  7.5960e-04  6.5441e-04  5.4331e-04  4.4618e-04  3.5685e-04  2.7707e-04  2.1111e-04  1.5937e-04  1.2021e-04  8.9951e-05  6.7345e-05  2.7612e-05  5.5716e-06  1.0309e-06  1.8720e-07  7.4859e-08  6.6017e-08  5.9824e-08  5.2050e-08  4.3708e-08  3.5039e-08  2.7306e-08  2.0614e-08  1.5559e-08  1.1487e-08  8.4457e-09  6.0940e-09  4.3622e-09  3.0401e-09  2.0494e-09  1.2377e-09
    17  1.0213e-03  9.1065e-04  8.6623e-04  8.2774e-04  7.9106e-04  7.4840e-04  6.9953e-04  6.4826e-04  5.9039e-04  5.2957e-04  4.5984e-04  3.8831e-04  3.2043e-04  2.6211e-04  2.0748e-04  1.6101e-04  1.2346e-04  9.4254e-05  7.0786e-05  5.3608e-05  2.1800e-05  4.4155e-06  8.1914e-07  1.5280e-07  9.0454e-08  9.0993e-08  8.5088e-08  7.3295e-08  5.9746e-08  4.6782e-08  3.5515e-08  2.6522e-08  1.9577e-08  1.4202e-08  1.0221e-08  7.3029e-09  5.1112e-09  3.5393e-09  2.3683e-09  1.4286e-09
    18  7.1352e-04  6.3987e-04  6.0828e-04  5.7770e-04  5.4994e-04  5.2110e-04  4.8858e-04  4.5334e-04  4.1407e-04  3.6961e-04  3.2348e-04  2.7787e-04  2.3133e-04  1.8938e-04  1.5224e-04  1.2144e-04  9.4054e-05  7.2591e-05  5.4950e-05  4.1667e-05  1.6992e-05  3.4119e-06  6.4143e-07  1.3409e-07  1.3548e-07  1.4232e-07  1.2986e-07  1.0640e-07  8.3072e-08  6.2805e-08  4.6389e-08  3.3434e-08  2.4202e-08  1.7259e-08  1.2192e-08  8.5905e-09  5.9600e-09  4.1346e-09  2.7423e-09  1.6220e-09
    19  5.0136e-04  4.4843e-04  4.2612e-04  4.0270e-04  3.8551e-04  3.6272e-04  3.4063e-04  3.1883e-04  2.9054e-04  2.5944e-04  2.2733e-04  1.9682e-04  1.6560e-04  1.3744e-04  1.1241e-04  8.9625e-05  7.1248e-05  5.5210e-05  4.2222e-05  3.2044e-05  1.3139e-05  2.6832e-06  5.6401e-07  1.8476e-07  2.4438e-07  2.4411e-07  2.0515e-07  1.5578e-07  1.1522e-07  8.3988e-08  5.9506e-08  4.1526e-08  2.9162e-08  2.0555e-08  1.4292e-08  9.9822e-09  6.8682e-09  4.6786e-09  3.0880e-09  1.8265e-09
    20  3.5086e-04  3.1695e-04  2.9998e-04  2.8228e-04  2.6960e-04  2.5453e-04  2.3817e-04  2.2087e-04  2.0177e-04  1.8122e-04  1.6089e-04  1.3952e-04  1.1863e-04  9.9645e-05  8.1476e-05  6.5844e-05  5.2702e-05  4.1656e-05  3.2114e-05  2.4270e-05  1.0122e-05  2.7407e-06  1.1438e-06  6.3667e-07  5.4499e-07  4.4165e-07  3.1332e-07  2.2047e-07  1.5253e-07  1.0583e-07  7.2855e-08  4.9857e-08  3.4335e-08  2.3698e-08  1.6357e-08  1.1258e-08  7.6670e-09  5.2078e-09  3.4204e-09  2.0326e-09
    21  2.4484e-04  2.2027e-04  2.1016e-04  1.9906e-04  1.8849e-04  1.7776e-04  1.6720e-04  1.5474e-04  1.4093e-04  1.2766e-04  1.1356e-04  9.9051e-05  8.4539e-05  7.1837e-05  5.9721e-05  4.8348e-05  3.9104e-05  3.0956e-05  2.4140e-05  1.8129e-05  1.0813e-05  5.3649e-06  2.9414e-06  1.7290e-06  1.0348e-06  6.5185e-07  4.2277e-07  2.8171e-07  1.8597e-07  1.2546e-07  8.4783e-08  5.7461e-08  3.9179e-08  2.6677e-08  1.8276e-08  1.2413e-08  8.4398e-09  5.6959e-09  3.7508e-09  2.2013e-09
    22  1.7118e-04  1.5560e-04  1.4644e-04  1.4000e-04  1.3256e-04  1.2457e-04  1.1672e-04  1.0816e-04  9.9213e-05  8.9510e-05  7.9711e-05  6.9899e-05  6.0457e-05  5.1124e-05  4.2991e-05  3.5431e-05  2.8704e-05  2.2921e-05  1.8005e-05  1.3602e-05  9.3396e-06  5.7203e-06  3.3342e-06  1.9891e-06  1.2206e-06  7.6645e-07  4.9029e-07  3.1940e-07  2.1137e-07  1.4014e-07  9.3755e-08  6.3171e-08  4.2615e-08  2.8868e-08  1.9686e-08  1.3352e-08  9.0012e-09  6.0543e-09  3.9704e-09  2.3176e-09
    23  1.1982e-04  1.0920e-04  1.0260e-04  9.7359e-05  9.2679e-05  8.7683e-05  8.1629e-05  7.5772e-05  6.9880e-05  6.3009e-05  5.6190e-05  4.9859e-05  4.3026e-05  3.6533e-05  3.0875e-05  2.5714e-05  2.1128e-05  1.6959e-05  1.3250e-05  1.0214e-05  7.3934e-06  5.0474e-06  3.2335e-06  2.0308e-06  1.2654e-06  8.1124e-07  5.2491e-07  3.4206e-07  2.2401e-07  1.4996e-07  1.0022e-07  6.6544e-08  4.4884e-08  3.0370e-08  2.0607e-08  1.4022e-08  9.4173e-09  6.3046e-09  4.1433e-09  2.4165e-09
    24  8.3707e-05  7.6574e-05  7.2218e-05  6.8294e-05  6.4838e-05  6.1142e-05  5.7140e-05  5.2912e-05  4.8624e-05  4.4339e-05  3.9906e-05  3.5223e-05  3.0532e-05  2.6307e-05  2.2177e-05  1.8607e-05  1.5410e-05  1.2518e-05  9.9109e-06  7.7016e-06  5.7752e-06  4.1002e-06  2.8171e-06  1.8662e-06  1.2107e-06  7.9442e-07  5.1898e-07  3.4215e-07  2.2670e-07  1.5082e-07  1.0071e-07  6.8055e-08  4.5812e-08  3.0792e-08  2.0983e-08  1.4119e-08  9.5791e-09  6.3922e-09  4.1517e-09  2.4373e-09
    25  5.8836e-05  5.3469e-05  5.0557e-05  4.8137e-05  4.5668e-05  4.2817e-05  4.0204e-05  3.7367e-05  3.4488e-05  3.1157e-05  2.8168e-05  2.4867e-05  2.1706e-05  1.8809e-05  1.5988e-05  1.3468e-05  1.1306e-05  9.1957e-06  7.3333e-06  5.7984e-06  4.4130e-06  3.2532e-06  2.3073e-06  1.5984e-06  1.0808e-06  7.3298e-07  4.8668e-07  3.2462e-07  2.1770e-07  1.4586e-07  9.9354e-08  6.6711e-08  4.5078e-08  3.0583e-08  2.0730e-08  1.4027e-08  9.4655e-09  6.3214e-09  4.1380e-09  2.4207e-09
    26  4.0714e-05  3.7347e-05  3.5520e-05  3.3894e-05  3.1871e-05  3.0029e-05  2.8065e-05  2.6173e-05  2.4180e-05  2.1962e-05  1.9871e-05  1.7627e-05  1.5429e-05  1.3315e-05  1.1450e-05  9.7220e-06  8.1494e-06  6.7167e-06  5.3831e-06  4.2744e-06  3.3135e-06  2.5281e-06  1.8338e-06  1.3216e-06  9.2487e-07  6.3329e-07  4.3644e-07  2.9654e-07  2.0075e-07  1.3638e-07  9.3152e-08  6.3064e-08  4.2885e-08  2.9374e-08  2.0055e-08  1.3529e-08  9.1821e-09  6.1656e-09  4.0177e-09  2.3689e-09
    27  2.8551e-05  2.5869e-05  2.4872e-05  2.3686e-05  2.2307e-05  2.1025e-05  1.9813e-05  1.8372e-05  1.6994e-05  1.5441e-05  1.3949e-05  1.2421e-05  1.1022e-05  9.5773e-06  8.2662e-06  6.9832e-06  5.8727e-06  4.8864e-06  3.9793e-06  3.1851e-06  2.4983e-06  1.9189e-06  1.4382e-06  1.0600e-06  7.6182e-07  5.3765e-07  3.7748e-07  2.6210e-07  1.7987e-07  1.2452e-07  8.5296e-08  5.8447e-08  3.9890e-08  2.7209e-08  1.8632e-08  1.2811e-08  8.7295e-09  5.8690e-09  3.8338e-09  2.2528e-09
    28  2.0020e-05  1.8328e-05  1.7350e-05  1.6509e-05  1.5688e-05  1.4731e-05  1.3831e-05  1.2920e-05  1.1897e-05  1.0897e-05  9.8402e-06  8.8578e-06  7.8117e-06  6.8317e-06  5.9114e-06  5.0751e-06  4.2781e-06  3.5343e-06  2.9187e-06  2.3464e-06  1.8616e-06  1.4474e-06  1.1117e-06  8.2893e-07  6.1060e-07  4.4070e-07  3.1564e-07  2.2265e-07  1.5737e-07  1.0908e-07  7.5587e-08  5.2427e-08  3.6220e-08  2.4968e-08  1.7218e-08  1.1805e-08  8.1327e-09  5.4893e-09  3.6122e-09  2.1208e-09
    29  1.3912e-05  1.2769e-05  1.2201e-05  1.1586e-05  1.0940e-05  1.0321e-05  9.6580e-06  9.0464e-06  8.3385e-06  7.5753e-06  6.9273e-06  6.2162e-06  5.5273e-06  4.8442e-06  4.2135e-06  3.6404e-06  3.0799e-06  2.5648e-06  2.1372e-06  1.7312e-06  1.3935e-06  1.0952e-06  8.5277e-07  6.4459e-07  4.8019e-07  3.5353e-07  2.5664e-07  1.8526e-07  1.3257e-07  9.3705e-08  6.5985e-08  4.6044e-08  3.2166e-08  2.2427e-08  1.5654e-08  1.0795e-08  7.4182e-09  5.0498e-09  3.3200e-09  1.9659e-09
    30  9.7292e-06  8.9362e-06  8.5258e-06  8.0490e-06  7.6589e-06  7.2099e-06  6.7642e-06  6.3779e-06  5.8495e-06  5.4033e-06  4.8573e-06  4.3920e-06  3.9292e-06  3.4614e-06  3.0149e-06  2.6090e-06  2.2135e-06  1.8725e-06  1.5513e-06  1.2706e-06  1.0264e-06  8.1934e-07  6.4112e-07  4.9768e-07  3.7582e-07  2.7786e-07  2.0744e-07  1.5113e-07  1.1017e-07  7.8666e-08  5.6078e-08  3.9873e-08  2.8074e-08  1.9830e-08  1.3904e-08  9.6333e-09  6.6257e-09  4.5280e-09  3.0271e-09  1.7945e-09
    31  6.7611e-06  6.2914e-06  5.9220e-06  5.6227e-06  5.3685e-06  5.0345e-06  4.7363e-06  4.4368e-06  4.1108e-06  3.7455e-06  3.3957e-06  3.0950e-06  2.7588e-06  2.4334e-06  2.1280e-06  1.8636e-06  1.6048e-06  1.3551e-06  1.1316e-06  9.3205e-07  7.5485e-07  6.0969e-07  4.8111e-07  3.7538e-07  2.9012e-07  2.1938e-07  1.6356e-07  1.2127e-07  8.9419e-08  6.5356e-08  4.7025e-08  3.3435e-08  2.3946e-08  1.7154e-08  1.2087e-08  8.4070e-09  5.8338e-09  4.0102e-09  2.6724e-09  1.5967e-09
    32  4.7289e-06  4.3827e-06  4.1952e-06  3.9524e-06  3.7595e-06  3.5273e-06  3.3244e-06  3.0975e-06  2.8805e-06  2.6404e-06  2.4041e-06  2.1651e-06  1.9660e-06  1.7491e-06  1.5259e-06  1.3241e-06  1.1428e-06  9.7638e-07  8.1849e-07  6.7562e-07  5.5249e-07  4.5313e-07  3.5672e-07  2.8342e-07  2.1849e-07  1.6908e-07  1.2858e-07  9.6726e-08  7.0836e-08  5.2850e-08  3.8599e-08  2.7877e-08  1.9956e-08  1.4431e-08  1.0275e-08  7.1834e-09  5.0711e-09  3.5052e-09  2.3581e-09  1.3987e-09
    33  3.3075e-06  3.0562e-06  2.9121e-06  2.7614e-06  2.6030e-06  2.4679e-06  2.3311e-06  2.1610e-06  2.0193e-06  1.8619e-06  1.6969e-06  1.5301e-06  1.3821e-06  1.2340e-06  1.0843e-06  9.5096e-07  8.1551e-07  7.0150e-07  5.9331e-07  4.9393e-07  4.0521e-07  3.3247e-07  2.6693e-07  2.1139e-07  1.6685e-07  1.2987e-07  1.0045e-07  7.5897e-08  5.6661e-08  4.2362e-08  3.1056e-08  2.2877e-08  1.6542e-08  1.1898e-08  8.5596e-09  6.1101e-09  4.3324e-09  2.9953e-09  2.0294e-09  1.2211e-09
    34  2.3178e-06  2.1311e-06  2.0249e-06  1.9402e-06  1.8213e-06  1.7216e-06  1.6180e-06  1.5199e-06  1.4250e-06  1.3152e-06  1.1928e-06  1.0846e-06  9.7344e-07  8.6852e-07  7.7524e-07  6.7433e-07  5.8329e-07  4.9955e-07  4.2660e-07  3.5861e-07  2.9518e-07  2.4326e-07  1.9867e-07  1.5930e-07  1.2649e-07  9.7517e-08  7.6350e-08  5.8695e-08  4.4530e-08  3.3312e-08  2.4789e-08  1.8374e-08  1.3440e-08  9.7560e-09  7.1128e-09  5.0968e-09  3.6356e-09  2.5393e-09  1.7151e-09  1.0343e-09
    35  1.6142e-06  1.4936e-06  1.4226e-06  1.3568e-06  1.2733e-06  1.2118e-06  1.1499e-06  1.0675e-06  9.9548e-07  9.2023e-07  8.4348e-07  7.6458e-07  6.8692e-07  6.1880e-07  5.4847e-07  4.8047e-07  4.1588e-07  3.5918e-07  3.0731e-07  2.5979e-07  2.1552e-07  1.7586e-07  1.4572e-07  1.1850e-07  9.3456e-08  7.3658e-08  5.7628e-08  4.5123e-08  3.4137e-08  2.6013e-08  1.9509e-08  1.4609e-08  1.0830e-08  7.9399e-09  5.8091e-09  4.2048e-09  3.0152e-09  2.1080e-09  1.4279e-09  8.6906e-10
    36  1.1214e-06  1.0303e-06  9.8854e-07  9.4501e-07  8.8958e-07  8.4012e-07  7.9546e-07  7.4714e-07  6.9554e-07  6.4749e-07  5.9256e-07  5.3848e-07  4.8575e-07  4.3662e-07  3.8489e-07  3.3786e-07  2.9664e-07  2.5537e-07  2.1930e-07  1.8584e-07  1.5557e-07  1.2936e-07  1.0607e-07  8.6295e-08  6.9073e-08  5.4862e-08  4.3411e-08  3.3945e-08  2.6230e-08  1.9993e-08  1.5282e-08  1.1401e-08  8.5621e-09  6.3151e-09  4.6622e-09  3.3670e-09  2.4383e-09  1.7303e-09  1.1738e-09  7.1951e-10
    37  7.7074e-07  7.1254e-07  6.7830e-07  6.4916e-07  6.1958e-07  5.8585e-07  5.5385e-07  5.1976e-07  4.8243e-07  4.5054e-07  4.1173e-07  3.7456e-07  3.4071e-07  3.0330e-07  2.7066e-07  2.3991e-07  2.0892e-07  1.8109e-07  1.5565e-07  1.3309e-07  1.1164e-07  9.2688e-08  7.7154e-08  6.2659e-08  5.0567e-08  4.0620e-08  3.2206e-08  2.5326e-08  1.9705e-08  1.5223e-08  1.1623e-08  8.8120e-09  6.6304e-09  4.9273e-09  3.6422e-09  2.6578e-09  1.9253e-09  1.3785e-09  9.4438e-10  5.8288e-10
    38  5.2794e-07  4.8647e-07  4.6421e-07  4.4182e-07  4.2225e-07  4.0332e-07  3.7700e-07  3.5608e-07  3.3079e-07  3.0695e-07  2.8443e-07  2.5881e-07  2.3462e-07  2.1040e-07  1.8714e-07  1.6582e-07  1.4493e-07  1.2665e-07  1.0915e-07  9.3354e-08  7.9476e-08  6.5652e-08  5.4772e-08  4.5033e-08  3.6429e-08  2.9373e-08  2.3370e-08  1.8526e-08  1.4588e-08  1.1344e-08  8.6788e-09  6.5890e-09  5.0166e-09  3.7569e-09  2.7906e-09  2.0655e-09  1.4979e-09  1.0737e-09  7.4040e-10  4.5630e-10
    39  3.4693e-07  3.2109e-07  3.0690e-07  2.9377e-07  2.8059e-07  2.6600e-07  2.5162e-07  2.3756e-07  2.2108e-07  2.0578e-07  1.8838e-07  1.7297e-07  1.5624e-07  1.3995e-07  1.2527e-07  1.1172e-07  9.8034e-08  8.5484e-08  7.3797e-08  6.3504e-08  5.4374e-08  4.5325e-08  3.7327e-08  3.0801e-08  2.5502e-08  2.0438e-08  1.6396e-08  1.3060e-08  1.0288e-08  8.0253e-09  6.1810e-09  4.7375e-09  3.6216e-09  2.7263e-09  2.0427e-09  1.5122e-09  1.1083e-09  7.9679e-10  5.5582e-10  3.4521e-10
    40  2.0504e-07  1.9086e-07  1.8292e-07  1.7443e-07  1.6694e-07  1.5810e-07  1.4961e-07  1.4110e-07  1.3256e-07  1.2175e-07  1.1301e-07  1.0346e-07  9.3420e-08  8.3940e-08  7.5669e-08  6.6643e-08  5.9319e-08  5.1794e-08  4.4793e-08  3.8531e-08  3.2729e-08  2.7541e-08  2.2820e-08  1.9001e-08  1.5617e-08  1.2727e-08  1.0215e-08  8.1397e-09  6.4097e-09  5.0777e-09  3.9063e-09  2.9963e-09  2.3028e-09  1.7483e-09  1.3095e-09  9.6906e-10  7.1082e-10  5.1798e-10  3.6326e-10  2.3269e-10
