 iy/ix           1           2           3           4           5           6           7           8           9          10          11          12          13          14          15          16          17          18          19          20          21          22          23          24          25          26          27          28          29          30          31          32          33          34          35          36          37          38          39          40
     1  1.0000e+00  9.7131e-01  9.6189e-01  9.6150e-01  9.4492e-01  9.2039e-01  8.9995e-01  8.4672e-01  7.5471e-01  6.1852e-01  3.8635e-01  2.4238e-01  1.7054e-01  1.2138e-01  8.6148e-02  5.5723e-02  3.6536e-02  2.8470e-02  2.2062e-02  1.4768e-02  4.9404e-03  1.0945e-03  4.1323e-04  0.0000e+00  0.0000e+00  0.0000e+00  0.0000e+00  0.0000e+00  0.0000e+00  0.0000e+00  0.0000e+00  0.0000e+00  0.0000e+00  0.0000e+00  0.0000e+00  0.0000e+00  0.0000e+00  0.0000e+00  0.0000e+00  0.0000e+00
     2  9.8042e-01  9.8146e-01  9.6896e-01  9.6214e-01  9.3300e-01  9.1509e-01  8.6733e-01  8.0805e-01  7.4511e-01  6.1192e-01  3.8655e-01  2.5885e-01  1.7850e-01  1.1709e-01  8.4747e-02  5.4834e-02  3.7944e-02  2.6007e-02  1.9062e-02  1.2360e-02  4.4354e-03  4.8399e-04  1.8097e-04  4.8729e-06  0.0000e+00  0.0000e+00  0.0000e+00  0.0000e+00  0.0000e+00  0.0000e+00  0.0000e+00  0.0000e+00  0.0000e+00  0.0000e+00  0.0000e+00  0.0000e+00  0.0000e+00  0.0000e+00  0.0000e+00  0.0000e+00
     3  9.7003e-01  9.8511e-01  9.6245e-01  9.6117e-01  9.2651e-01  9.1395e-01  8.4196e-01  8.1234e-01  7.3583e-01  6.1027e-01  3.8459e-01  2.5827e-01  1.7051e-01  1.1675e-01  7.6722e-02  5.5249e-02  3.5349e-02  2.3971e-02  1.8998e-02  1.2957e-02  4.7448e-03  4.1430e-04  5.6213e-08  0.0000e+00  0.0000e+00  0.0000e+00  0.0000e+00  0.0000e+00  0.0000e+00  0.0000e+00  0.0000e+00  0.0000e+00  0.0000e+00  0.0000e+00  0.0000e+00  0.0000e+00  0.0000e+00  0.0000e+00  0.0000e+00  0.0000e+00
     4  9.5442e-01  9.6847e-01  9.5841e-01  9.4899e-01  9.1357e-01  8.9758e-01  8.6906e-01  8.3217e-01  7.1728e-01  5.9920e-01  3.6801e-01  2.5551e-01  1.7825e-01  1.1438e-01  7.8351e-02  5.5150e-02  3.9484e-02  2.3721e-02  1.6600e-02  1.1619e-02  2.7853e-03  4.4061e-04  1.2273e-04  0.0000e+00  0.0000e+00  0.0000e+00  0.0000e+00  0.0000e+00  0.0000e+00  0.0000e+00  0.0000e+00  0.0000e+00  0.0000e+00  0.0000e+00  0.0000e+00  0.0000e+00  0.0000e+00  0.0000e+00  0.0000e+00  0.0000e+00
     5  9.6611e-01  9.5792e-01  9.3326e-01  9.3081e-01  9.0337e-01  8.9190e-01  8.5092e-01  8.0413e-01  7.2464e-01  5.9804e-01  3.7403e-01  2.5399e-01  1.6791e-01  1.0829e-01  7.1192e-02  5.5721e-02  4.0391e-02  2.5003e-02  1.5463e-02  1.4750e-02  4.2814e-03  1.1410e-03  1.3831e-04  0.0000e+00  0.0000e+00  0.0000e+00  0.0000e+00  0.0000e+00  0.0000e+00  0.0000e+00  0.0000e+00  0.0000e+00  0.0000e+00  0.0000e+00  0.0000e+00  0.0000e+00  0.0000e+00  0.0000e+00  0.0000e+00  0.0000e+00
     6  9.2217e-01  9.2323e-01  9.1378e-01  9.0102e-01  8.9572e-01  8.5253e-01  8.3936e-01  7.7693e-01  7.1286e-01  5.7587e-01  3.5758e-01  2.2822e-01  1.5594e-01  1.0749e-01  6.8845e-02  5.1698e-02  3.4775e-02  2.3373e-02  1.7769e-02  1.1504e-02  4.1682e-03  8.7912e-04  2.5464e-04  1.1847e-04  0.0000e+00  0.0000e+00  0.0000e+00  0.0000e+00  0.0000e+00  0.0000e+00  0.0000e+00  0.0000e+00  0.0000e+00  0.0000e+00  0.0000e+00  0.0000e+00  0.0000e+00  0.0000e+00  0.0000e+00  0.0000e+00
     7  9.0759e-01  8.9040e-01  8.8381e-01  8.8483e-01  8.8040e-01  8.3930e-01  8.0434e-01  7.6159e-01  6.9167e-01  5.5225e-01  3.3426e-01  2.2272e-01  1.4545e-01  9.8823e-02  6.1826e-02  4.2679e-02  3.3016e-02  2.2214e-02  1.8371e-02  1.4001e-02  5.3417e-03  5.5065e-04  2.1194e-04  1.6699e-05  0.0000e+00  0.0000e+00  0.0000e+00  0.0000e+00  0.0000e+00  0.0000e+00  0.0000e+00  0.0000e+00  0.0000e+00  0.0000e+00  0.0000e+00  0.0000e+00  0.0000e+00  0.0000e+00  0.0000e+00  0.0000e+00
     8  8.3859e-01  8.3995e-01  8.2839e-01  8.1113e-01  8.0755e-01  7.8028e-01  7.6338e-01  7.2237e-01  6.4752e-01  5.2593e-01  3.1368e-01  2.0563e-01  1.3509e-01  8.7159e-02  6.2083e-02  4.0659e-02  2.6319e-02  1.7912e-02  1.3424e-02  1.0394e-02  4.6500e-03  5.7111e-04  1.6701e-04  0.0000e+00  0.0000e+00  0.0000e+00  0.0000e+00  0.0000e+00  0.0000e+00  0.0000e+00  0.0000e+00  0.0000e+00  0.0000e+00  0.0000e+00  0.0000e+00  0.0000e+00  0.0000e+00  0.0000e+00  0.0000e+00  0.0000e+00
     9  7.4647e-01  7.3593e-01  7.4076e-01  7.2705e-01  7.2732e-01  6.9290e-01  6.9374e-01  6.6078e-01  5.8821e-01  4.6863e-01  2.8868e-01  1.8556e-01  1.2321e-01  8.4478e-02  5.6047e-02  3.8025e-02  2.4535e-02  1.6254e-02  1.3549e-02  8.8103e-03  3.3793e-03  7.9516e-04  1.4079e-04  0.0000e+00  0.0000e+00  0.0000e+00  0.0000e+00  0.0000e+00  0.0000e+00  0.0000e+00  0.0000e+00  0.0000e+00  0.0000e+00  0.0000e+00  0.0000e+00  0.0000e+00  0.0000e+00  0.0000e+00  0.0000e+00  0.0000e+00
    10  5.9687e-01  6.0981e-01  5.9840e-01  5.9955e-01  6.0777e-01  5.7552e-01  5.5197e-01  5.3197e-01  4.8995e-01  3.9816e-01  2.3761e-01  1.5272e-01  1.0217e-01  6.7004e-02  4.3794e-02  3.3134e-02  2.2820e-02  1.5013e-02  1.0221e-02  8.0721e-03  3.4993e-03  1.4346e-04  0.0000e+00  0.0000e+00  0.0000e+00  0.0000e+00  0.0000e+00  0.0000e+00  0.0000e+00  0.0000e+00  0.0000e+00  0.0000e+00  0.0000e+00  0.0000e+00  0.0000e+00  0.0000e+00  0.0000e+00  0.0000e+00  0.0000e+00  0.0000e+00
    11  3.8158e-01  3.9441e-01  3.9377e-01  3.8882e-01  3.7204e-01  3.6134e-01  3.5208e-01  3.2439e-01  2.8352e-01  2.3259e-01  1.7485e-01  1.1395e-01  8.1528e-02  5.1037e-02  3.5541e-02  2.2593e-02  1.9107e-02  1.3162e-02  8.7656e-03  7.5200e-03  2.5515e-03  3.7183e-04  8.2796e-06  0.0000e+00  0.0000e+00  0.0000e+00  0.0000e+00  0.0000e+00  0.0000e+00  0.0000e+00  0.0000e+00  0.0000e+00  0.0000e+00  0.0000e+00  0.0000e+00  0.0000e+00  0.0000e+00  0.0000e+00  0.0000e+00  0.0000e+00
    12  2.5434e-01  2.4874e-01  2.5504e-01  2.5189e-01  2.4805e-01  2.4577e-01  2.2012e-01  2.1524e-01  1.8175e-01  1.4557e-01  1.2140e-01  9.0095e-02  6.2956e-02  4.5092e-02  2.9992e-02  1.8941e-02  1.2817e-02  1.3400e-02  8.1736e-03  5.3462e-03  2.5793e-03  4.5869e-04  0.0000e+00  0.0000e+00  0.0000e+00  0.0000e+00  0.0000e+00  0.0000e+00  0.0000e+00  0.0000e+00  0.0000e+00  0.0000e+00  0.0000e+00  0.0000e+00  0.0000e+00  0.0000e+00  0.0000e+00  0.0000e+00  0.0000e+00  0.0000e+00
    13  1.7788e-01  1.7593e-01  1.7843e-01  1.6880e-01  1.5710e-01  1.5722e-01  1.5005e-01  1.3935e-01  1.2297e-01  1.0622e-01  8.3554e-02  7.0855e-02  4.6377e-02  3.7886e-02  2.4355e-02  1.8239e-02  1.3251e-02  9.2918e-03  7.6959e-03  3.6795e-03  1.4682e-03  2.8154e-04  0.0000e+00  0.0000e+00  0.0000e+00  0.0000e+00  0.0000e+00  0.0000e+00  0.0000e+00  0.0000e+00  0.0000e+00  0.0000e+00  0.0000e+00  0.0000e+00  0.0000e+00  0.0000e+00  0.0000e+00  0.0000e+00  0.0000e+00  0.0000e+00
    14  1.2278e-01  1.2054e-01  1.1786e-01  1.1706e-01  1.1345e-01  9.9568e-02  9.6374e-02  9.2209e-02  8.3665e-02  7.5160e-02  5.6817e-02  4.6876e-02  3.6121e-02  2.7899e-02  2.1174e-02  1.4023e-02  1.0760e-02  5.9562e-03  4.4107e-03  3.2818e-03  9.9856e-04  3.0771e-04  0.0000e+00  0.0000e+00  0.0000e+00  0.0000e+00  0.0000e+00  0.0000e+00  0.0000e+00  0.0000e+00  0.0000e+00  0.0000e+00  0.0000e+00  0.0000e+00  0.0000e+00  0.0000e+00  0.0000e+00  0.0000e+00  0.0000e+00  0.0000e+00
    15  8.7899e-02  8.4206e-02  8.4054e-02  7.7094e-02  7.5056e-02  6.7036e-02  6.5005e-02  6.3612e-02  5.7288e-02  4.9601e-02  4.1818e-02  3.5319e-02  2.7323e-02  1.8419e-02  1.7212e-02  9.5460e-03  8.6503e-03  4.4028e-03  4.4885e-03  3.2618e-03  7.8768e-04  3.3003e-04  0.0000e+00  0.0000e+00  0.0000e+00  0.0000e+00  0.0000e+00  0.0000e+00  0.0000e+00  0.0000e+00  0.0000e+00  0.0000e+00  0.0000e+00  0.0000e+00  0.0000e+00  0.0000e+00  0.0000e+00  0.0000e+00  0.0000e+00  0.0000e+00
    16  5.8919e-02  5.7000e-02  5.3758e-02  5.7161e-02  4.9285e-02  5.0662e-02  4.5933e-02  4.3324e-02  4.0692e-02  3.7704e-02  3.2320e-02  2.8225e-02  2.0035e-02  1.4190e-02  1.2810e-02  8.0967e-03  7.2914e-03  4.0799e-03  4.4081e-03  2.6216e-03  1.0417e-03  2.0056e-04  0.0000e+00  0.0000e+00  0.0000e+00  0.0000e+00  0.0000e+00  0.0000e+00  0.0000e+00  0.0000e+00  0.0000e+00  0.0000e+00  0.0000e+00  0.0000e+00  0.0000e+00  0.0000e+00  0.0000e+00  0.0000e+00  0.0000e+00  0.0000e+00
    17  4.3040e-02  4.2387e-02  3.6479e-02  3.7290e-02  3.6452e-02  3.6155e-02  2.7902e-02  2.7451e-02  2.7261e-02  2.4914e-02  2.1088e-02  1.8508e-02  1.6417e-02  1.1273e-02  7.4531e-03  6.6293e-03  5.2106e-03  3.3838e-03  1.3797e-03  1.2331e-03  1.2147e-03  0.0000e+00  0.0000e+00  0.0000e+00  0.0000e+00  0.0000e+00  0.0000e+00  0.0000e+00  0.0000e+00  0.0000e+00  0.0000e+00  0.0000e+00  0.0000e+00  0.0000e+00  0.0000e+00  0.0000e+00  0.0000e+00  0.0000e+00  0.0000e+00  0.0000e+00
    18  2.9247e-02  3.0902e-02  2.9163e-02  2.5619e-02  2.9018e-02  2.3630e-02  1.7633e-02  1.8767e-02  1.9147e-02  1.7498e-02  1.5953e-02  1.3468e-02  1.0610e-02  9.6499e-03  6.4664e-03  5.6225e-03  5.6383e-03  3.3951e-03  1.5354e-03  1.3299e-03  6.5536e-04  5.4983e-05  0.0000e+00  0.0000e+00  0.0000e+00  0.0000e+00  0.0000e+00  0.0000e+00  0.0000e+00  0.0000e+00  0.0000e+00  0.0000e+00  0.0000e+00  0.0000e+00  0.0000e+00  0.0000e+00  0.0000e+00  0.0000e+00  0.0000e+00  0.0000e+00
    19  1.9574e-02  2.2083e-02  1.8988e-02  1.6720e-02  1.5488e-02  1.5147e-02  1.4398e-02  1.2767e-02  1.0621e-02  1.0334e-02  1.0784e-02  9.4462e-03  8.4855e-03  8.2039e-03  5.0189e-03  5.1782e-03  4.5261e-03  3.3452e-03  1.4938e-03  8.3542e-04  2.4901e-04  4.2047e-05  0.0000e+00  0.0000e+00  0.0000e+00  0.0000e+00  0.0000e+00  0.0000e+00  0.0000e+00  0.0000e+00  0.0000e+00  0.0000e+00  0.0000e+00  0.0000e+00  0.0000e+00  0.0000e+00  0.0000e+00  0.0000e+00  0.0000e+00  0.0000e+00
    20  1.2679e-02  1.5334e-02  1.3970e-02  1.2960e-02  1.2096e-02  1.1143e-02  9.4736e-03  8.4387e-03  8.0744e-03  5.6488e-03  5.8312e-03  5.5945e-03  6.3781e-03  6.6736e-03  3.7648e-03  3.8812e-03  2.5486e-03  2.1622e-03  1.5292e-03  1.7884e-03  2.7020e-04  1.4994e-05  1.0761e-04  0.0000e+00  0.0000e+00  0.0000e+00  0.0000e+00  0.0000e+00  0.0000e+00  0.0000e+00  0.0000e+00  0.0000e+00  0.0000e+00  0.0000e+00  0.0000e+00  0.0000e+00  0.0000e+00  0.0000e+00  0.0000e+00  0.0000e+00
    21  8.3845e-03  9.4044e-03  9.9954e-03  8.8841e-03  9.9829e-03  9.5374e-03  6.3738e-03  6.0948e-03  5.1310e-03  4.0946e-03  3.9940e-03  3.3983e-03  4.4255e-03  2.6188e-03  1.8774e-03  2.0886e-03  2.1139e-03  1.1740e-03  1.1523e-03  1.6799e-03  9.0149e-04  1.7522e-04  8.4732e-05  0.0000e+00  0.0000e+00  0.0000e+00  0.0000e+00  0.0000e+00  0.0000e+00  0.0000e+00  0.0000e+00  0.0000e+00  0.0000e+00  0.0000e+00  0.0000e+00  0.0000e+00  0.0000e+00  0.0000e+00  0.0000e+00  0.0000e+00
    22  5.4067e-03  7.1710e-03  5.9585e-03  7.3675e-03  7.5615e-03  6.6420e-03  6.0268e-03  4.0313e-03  3.5843e-03  3.0283e-03  1.8188e-03  2.0627e-03  2.6855e-03  1.5138e-03  2.6826e-03  1.6940e-03  1.1472e-03  9.3134e-04  1.0470e-03  1.0863e-03  6.3879e-04  4.2949e-04  1.1618e-04  0.0000e+00  0.0000e+00  0.0000e+00  0.0000e+00  0.0000e+00  0.0000e+00  0.0000e+00  0.0000e+00  0.0000e+00  0.0000e+00  0.0000e+00  0.0000e+00  0.0000e+00  0.0000e+00  0.0000e+00  0.0000e+00  0.0000e+00
    23  4.0859e-03  3.8455e-03  4.0030e-03  4.5679e-03  4.7993e-03  4.2233e-03  4.3055e-03  3.0554e-03  2.5881e-03  1.7648e-03  1.2594e-03  1.2037e-03  2.0546e-03  1.2227e-03  1.4372e-03  1.0474e-03  6.4605e-04  7.3113e-04  3.7931e-04  4.9852e-04  2.4473e-04  0.0000e+00  7.2753e-05  1.2216e-04  1.6063e-05  0.0000e+00  0.0000e+00  0.0000e+00  0.0000e+00  0.0000e+00  0.0000e+00  0.0000e+00  0.0000e+00  0.0000e+00  0.0000e+00  0.0000e+00  0.0000e+00  0.0000e+00  0.0000e+00  0.0000e+00
    24  2.4664e-03  2.3085e-03  2.3944e-03  2.8871e-03  2.8240e-03  3.1680e-03  2.0615e-03  1.6600e-03  1.0685e-03  8.1347e-04  7.4357e-04  4.7813e-04  7.7447e-04  6.9711e-04  5.8445e-04  4.3018e-04  3.3264e-04  3.7648e-04  3.7255e-04  3.6146e-04  3.0684e-04  1.3239e-04  1.3239e-04  1.2359e-04  1.2445e-04  0.0000e+00  0.0000e+00  0.0000e+00  0.0000e+00  0.0000e+00  0.0000e+00  0.0000e+00  0.0000e+00  0.0000e+00  0.0000e+00  0.0000e+00  0.0000e+00  0.0000e+00  0.0000e+00  0.0000e+00
    25  2.0343e-03  2.3064e-03  1.7559e-03  1.1588e-03  1.0840e-03  1.9335e-03  2.1654e-03  8.8707e-04  1.4354e-03  9.8473e-04  1.1098e-03  1.0674e-03  4.2667e-04  2.1753e-04  3.4764e-04  4.0721e-04  2.9984e-04  5.6778e-05  2.5800e-04  3.5412e-04  3.1873e-04  2.7603e-05  8.1659e-05  1.1867e-04  0.0000e+00  0.0000e+00  0.0000e+00  0.0000e+00  0.0000e+00  0.0000e+00  0.0000e+00  0.0000e+00  0.0000e+00  0.0000e+00  0.0000e+00  0.0000e+00  0.0000e+00  0.0000e+00  0.0000e+00  0.0000e+00
    26  1.4251e-03  1.2187e-03  1.2032e-03  1.0050e-03  8.5160e-04  6.8846e-04  8.1487e-04  1.0756e-03  1.2901e-03  3.6978e-04  7.0331e-04  6.6786e-04  3.3209e-04  5.3345e-05  3.3455e-04  1.0625e-04  1.0503e-04  8.1417e-05  0.0000e+00  3.4336e-05  1.0693e-04  1.7715e-04  1.6605e-04  0.0000e+00  0.0000e+00  0.0000e+00  0.0000e+00  0.0000e+00  0.0000e+00  0.0000e+00  0.0000e+00  0.0000e+00  0.0000e+00  0.0000e+00  0.0000e+00  0.0000e+00  0.0000e+00  0.0000e+00  0.0000e+00  0.0000e+00
    27  5.5269e-04  6.7657e-04  1.3231e-03  1.4146e-03  5.7136e-04  8.7888e-04  4.2714e-04  5.5491e-04  7.7159e-04  4.1220e-04  2.1344e-04  4.2329e-04  3.4139e-04  8.5180e-05  5.6817e-05  8.7044e-05  0.0000e+00  5.1323e-05  1.1349e-04  9.9487e-05  4.2125e-07  2.8349e-04  0.0000e+00  0.0000e+00  0.0000e+00  0.0000e+00  0.0000e+00  0.0000e+00  0.0000e+00  0.0000e+00  0.0000e+00  0.0000e+00  0.0000e+00  0.0000e+00  0.0000e+00  0.0000e+00  0.0000e+00  0.0000e+00  0.0000e+00  0.0000e+00
    28  3.3197e-04  1.0544e-03  1.0542e-03  1.1921e-03  7.9248e-04  5.2997e-05  2.3802e-05  2.1482e-04  1.4319e-04  1.9309e-04  1.4881e-04  1.5829e-04  1.1767e-04  6.9170e-05  0.0000e+00  1.1731e-04  0.0000e+00  0.0000e+00  4.8712e-06  2.1531e-04  2.1713e-04  0.0000e+00  0.0000e+00  0.0000e+00  0.0000e+00  0.0000e+00  0.0000e+00  0.0000e+00  0.0000e+00  0.0000e+00  0.0000e+00  0.0000e+00  0.0000e+00  0.0000e+00  0.0000e+00  0.0000e+00  0.0000e+00  0.0000e+00  0.0000e+00  0.0000e+00
    29  2.7260e-04  4.6537e-04  2.3976e-04  1.0121e-03  4.9719e-04  2.2862e-04  0.0000e+00  2.0932e-04  1.0705e-04  6.7188e-05  3.9413e-04  2.4019e-04  1.3299e-04  0.0000e+00  0.0000e+00  3.0033e-05  8.7281e-05  0.0000e+00  0.0000e+00  0.0000e+00  0.0000e+00  0.0000e+00  0.0000e+00  0.0000e+00  0.0000e+00  0.0000e+00  0.0000e+00  0.0000e+00  0.0000e+00  0.0000e+00  0.0000e+00  0.0000e+00  0.0000e+00  0.0000e+00  0.0000e+00  0.0000e+00  0.0000e+00  0.0000e+00  0.0000e+00  0.0000e+00
    30  2.7967e-04  3.3459e-04  2.3707e-04  1.7015e-04  4.0211e-04  2.1471e-05  0.0000e+00  2.5267e-04  3.4981e-05  0.0000e+00  0.0000e+00  9.1903e-05  1.8584e-04  0.0000e+00  0.0000e+00  0.0000e+00  1.1731e-04  0.0000e+00  0.0000e+00  0.0000e+00  0.0000e+00  0.0000e+00  0.0000e+00  0.0000e+00  0.0000e+00  0.0000e+00  0.0000e+00  0.0000e+00  0.0000e+00  0.0000e+00  0.0000e+00  0.0000e+00  0.0000e+00  0.0000e+00  0.0000e+00  0.0000e+00  0.0000e+00  0.0000e+00  0.0000e+00  0.0000e+00
    31  2.2695e-04  1.3749e-04  1.2646e-04  0.0000e+00  3.8422e-04  1.3085e-04  4.5478e-05  2.3032e-04  0.0000e+00  0.0000e+00  0.0000e+00  0.0000e+00  8.5844e-05  1.9190e-04  0.0000e+00  0.0000e+00  2.9345e-05  8.7968e-05  0.0000e+00  0.0000e+00  0.0000e+00  0.0000e+00  0.0000e+00  0.0000e+00  0.0000e+00  0.0000e+00  0.0000e+00  0.0000e+00  0.0000e+00  0.0000e+00  0.0000e+00  0.0000e+00  0.0000e+00  0.0000e+00  0.0000e+00  0.0000e+00  0.0000e+00  0.0000e+00  0.0000e+00  0.0000e+00
    32  2.5513e-04  2.9218e-04  3.2706e-04  1.3654e-04  2.0341e-04  2.4707e-04  1.0501e-04  4.9476e-05  0.0000e+00  0.0000e+00  0.0000e+00  0.0000e+00  0.0000e+00  1.6677e-04  3.4656e-04  1.4458e-05  0.0000e+00  1.1731e-04  0.0000e+00  0.0000e+00  0.0000e+00  0.0000e+00  0.0000e+00  0.0000e+00  0.0000e+00  0.0000e+00  0.0000e+00  0.0000e+00  0.0000e+00  0.0000e+00  0.0000e+00  0.0000e+00  0.0000e+00  0.0000e+00  0.0000e+00  0.0000e+00  0.0000e+00  0.0000e+00  0.0000e+00  0.0000e+00
    33  0.0000e+00  1.2395e-04  0.0000e+00  1.1025e-04  4.5099e-05  2.3285e-04  6.4396e-05  1.2844e-04  2.1949e-04  5.9933e-05  0.0000e+00  0.0000e+00  0.0000e+00  0.0000e+00  5.9572e-05  2.2679e-04  1.1607e-05  2.8658e-05  8.8655e-05  0.0000e+00  0.0000e+00  0.0000e+00  0.0000e+00  0.0000e+00  0.0000e+00  0.0000e+00  0.0000e+00  0.0000e+00  0.0000e+00  0.0000e+00  0.0000e+00  0.0000e+00  0.0000e+00  0.0000e+00  0.0000e+00  0.0000e+00  0.0000e+00  0.0000e+00  0.0000e+00  0.0000e+00
    34  0.0000e+00  2.3424e-05  1.0052e-04  0.0000e+00  1.2268e-04  1.7768e-04  0.0000e+00  0.0000e+00  1.0734e-04  2.4410e-05  0.0000e+00  0.0000e+00  0.0000e+00  0.0000e+00  0.0000e+00  5.0926e-05  2.2740e-04  8.7553e-06  1.1731e-04  0.0000e+00  0.0000e+00  0.0000e+00  0.0000e+00  0.0000e+00  0.0000e+00  0.0000e+00  0.0000e+00  0.0000e+00  0.0000e+00  0.0000e+00  0.0000e+00  0.0000e+00  0.0000e+00  0.0000e+00  0.0000e+00  0.0000e+00  0.0000e+00  0.0000e+00  0.0000e+00  0.0000e+00
    35  0.0000e+00  0.0000e+00  7.8647e-05  1.1769e-04  1.9661e-04  2.2711e-04  0.0000e+00  2.3699e-05  1.0805e-04  0.0000e+00  0.0000e+00  0.0000e+00  0.0000e+00  0.0000e+00  0.0000e+00  0.0000e+00  1.7005e-04  2.6288e-04  3.4411e-05  2.7491e-05  0.0000e+00  0.0000e+00  0.0000e+00  0.0000e+00  0.0000e+00  0.0000e+00  0.0000e+00  0.0000e+00  0.0000e+00  0.0000e+00  0.0000e+00  0.0000e+00  0.0000e+00  0.0000e+00  0.0000e+00  0.0000e+00  0.0000e+00  0.0000e+00  0.0000e+00  0.0000e+00
    36  0.0000e+00  0.0000e+00  0.0000e+00  0.0000e+00  5.8394e-04  1.5732e-04  0.0000e+00  1.2273e-04  0.0000e+00  0.0000e+00  0.0000e+00  0.0000e+00  0.0000e+00  0.0000e+00  0.0000e+00  0.0000e+00  8.8307e-05  2.4823e-05  2.5057e-04  1.1243e-04  9.7391e-05  0.0000e+00  0.0000e+00  0.0000e+00  0.0000e+00  0.0000e+00  0.0000e+00  0.0000e+00  0.0000e+00  0.0000e+00  0.0000e+00  0.0000e+00  0.0000e+00  0.0000e+00  0.0000e+00  0.0000e+00  0.0000e+00  0.0000e+00  0.0000e+00  0.0000e+00
    37  0.0000e+00  0.0000e+00  1.0604e-05  5.7911e-04  4.9960e-04  7.8683e-05  0.0000e+00  6.2109e-06  0.0000e+00  0.0000e+00  0.0000e+00  0.0000e+00  0.0000e+00  0.0000e+00  0.0000e+00  0.0000e+00  0.0000e+00  0.0000e+00  0.0000e+00  1.4458e-04  1.2182e-05  6.4847e-04  2.6282e-04  0.0000e+00  0.0000e+00  0.0000e+00  0.0000e+00  0.0000e+00  0.0000e+00  0.0000e+00  0.0000e+00  0.0000e+00  0.0000e+00  0.0000e+00  0.0000e+00  0.0000e+00  0.0000e+00  0.0000e+00  0.0000e+00  0.0000e+00
    38  0.0000e+00  0.0000e+00  0.0000e+00  4.9031e-05  1.8205e-04  3.8564e-05  0.0000e+00  0.0000e+00  0.0000e+00  0.0000e+00  0.0000e+00  0.0000e+00  0.0000e+00  0.0000e+00  0.0000e+00  0.0000e+00  0.0000e+00  0.0000e+00  0.0000e+00  0.0000e+00  1.9715e-04  5.6017e-05  0.0000e+00  0.0000e+00  0.0000e+00  0.0000e+00  0.0000e+00  0.0000e+00  0.0000e+00  0.0000e+00  0.0000e+00  0.0000e+00  0.0000e+00  0.0000e+00  0.0000e+00  0.0000e+00  0.0000e+00  0.0000e+00  0.0000e+00  0.0000e+00
    39  0.0000e+00  0.0000e+00  0.0000e+00  0.0000e+00  7.4452e-05  0.0000e+00  0.0000e+00  0.0000e+00  0.0000e+00  0.0000e+00  0.0000e+00  0.0000e+00  0.0000e+00  0.0000e+00  0.0000e+00  0.0000e+00  0.0000e+00  0.0000e+00  0.0000e+00  0.0000e+00  0.0000e+00  0.0000e+00  0.0000e+00  0.0000e+00  0.0000e+00  0.0000e+00  0.0000e+00  0.0000e+00  0.0000e+00  0.0000e+00  0.0000e+00  0.0000e+00  0.0000e+00  0.0000e+00  0.0000e+00  0.0000e+00  0.0000e+00  0.0000e+00  0.0000e+00  0.0000e+00
    40  0.0000e+00  0.0000e+00  0.0000e+00  0.0000e+00  0.0000e+00  0.0000e+00  0.0000e+00  0.0000e+00  0.0000e+00  0.0000e+00  0.0000e+00  0.0000e+00  0.0000e+00  0.0000e+00  0.0000e+00  0.0000e+00  0.0000e+00  0.0000e+00  0.0000e+00  0.0000e+00  0.0000e+00  0.0000e+00  0.0000e+00  0.0000e+00  0.0000e+00  0.0000e+00  0.0000e+00  0.0000e+00  0.0000e+00  0.0000e+00  0.0000e+00  0.0000e+00  0.0000e+00  0.0000e+00  0.0000e+00  0.0000e+00  0.0000e+00  0.0000e+00  0.0000e+00  0.0000e+00
