 iy/ix           1           2           3           4           5           6           7           8           9          10          11          12          13          14          15          16          17          18          19          20          21          22          23          24          25          26          27          28          29          30          31          32          33          34          35          36          37          38          39          40
     1  9.9006e-01  9.3326e-01  9.3948e-01  9.5907e-01  9.5870e-01  9.3549e-01  8.4343e-01  7.8712e-01  6.8451e-01  4.8020e-01  2.6606e-01  1.8428e-01  1.1882e-01  8.5255e-02  6.9510e-02  4.8133e-02  2.5655e-02  2.1996e-02  1.6176e-02  1.1588e-02  3.7551e-03  4.2218e-04  2.3601e-04  0.0000e+00  0.0000e+00  0.0000e+00  0.0000e+00  0.0000e+00  0.0000e+00  0.0000e+00  0.0000e+00  0.0000e+00  0.0000e+00  0.0000e+00  0.0000e+00  0.0000e+00  0.0000e+00  0.0000e+00  0.0000e+00  0.0000e+00
     2  9.6476e-01  9.2523e-01  1.0042e+00  9.3699e-01  8.7798e-01  8.9167e-01  8.3683e-01  7.2515e-01  6.3459e-01  4.8721e-01  2.5593e-01  1.8066e-01  1.3380e-01  8.2438e-02  6.5308e-02  4.0503e-02  2.9895e-02  1.8366e-02  1.2063e-02  9.0873e-03  2.5622e-03  2.6425e-04  6.6181e-05         inf  0.0000e+00  0.0000e+00  0.0000e+00  0.0000e+00  0.0000e+00  0.0000e+00  0.0000e+00  0.0000e+00  0.0000e+00  0.0000e+00  0.0000e+00  0.0000e+00  0.0000e+00  0.0000e+00  0.0000e+00  0.0000e+00
     3  9.4182e-01  9.5631e-01  9.5412e-01  9.1463e-01  8.6227e-01  8.6137e-01  8.1116e-01  7.0748e-01  6.4829e-01  5.0365e-01  2.7677e-01  1.6972e-01  1.0896e-01  8.0852e-02  5.5975e-02  4.0022e-02  3.0362e-02  1.7210e-02  1.4804e-02  8.8125e-03  3.4861e-03  1.2196e-03         inf  0.0000e+00  0.0000e+00  0.0000e+00  0.0000e+00  0.0000e+00  0.0000e+00  0.0000e+00  0.0000e+00  0.0000e+00  0.0000e+00  0.0000e+00  0.0000e+00  0.0000e+00  0.0000e+00  0.0000e+00  0.0000e+00  0.0000e+00
     4  9.5232e-01  9.1109e-01  9.6850e-01  9.0914e-01  8.8901e-01  8.0656e-01  8.0846e-01  7.5283e-01  6.0550e-01  4.5146e-01  2.4039e-01  1.5937e-01  1.1091e-01  8.5629e-02  5.6541e-02  3.9055e-02  2.7021e-02  2.0857e-02  1.1727e-02  6.2594e-03  2.4594e-03  3.5714e-04         inf  0.0000e+00  0.0000e+00  0.0000e+00  0.0000e+00  0.0000e+00  0.0000e+00  0.0000e+00  0.0000e+00  0.0000e+00  0.0000e+00  0.0000e+00  0.0000e+00  0.0000e+00  0.0000e+00  0.0000e+00  0.0000e+00  0.0000e+00
     5  9.4447e-01  8.8257e-01  9.3245e-01  9.3396e-01  8.6343e-01  8.6665e-01  7.6397e-01  7.0347e-01  6.1069e-01  4.5795e-01  2.5533e-01  1.7764e-01  1.0460e-01  8.7180e-02  5.1503e-02  3.8525e-02  2.6792e-02  1.6219e-02  1.4743e-02  8.6820e-03  3.1605e-03  1.0538e-03  3.4848e-05  0.0000e+00  0.0000e+00  0.0000e+00  0.0000e+00  0.0000e+00  0.0000e+00  0.0000e+00  0.0000e+00  0.0000e+00  0.0000e+00  0.0000e+00  0.0000e+00  0.0000e+00  0.0000e+00  0.0000e+00  0.0000e+00  0.0000e+00
     6  9.2885e-01  8.5199e-01  8.5751e-01  8.8187e-01  8.2769e-01  7.8659e-01  7.3378e-01  6.8089e-01  6.2269e-01  4.4004e-01  2.3613e-01  1.4662e-01  1.0485e-01  6.5347e-02  4.5259e-02  3.4683e-02  2.1764e-02  1.2228e-02  1.2795e-02  5.5599e-03  5.9690e-03  6.1311e-04         inf         inf  0.0000e+00  0.0000e+00  0.0000e+00  0.0000e+00  0.0000e+00  0.0000e+00  0.0000e+00  0.0000e+00  0.0000e+00  0.0000e+00  0.0000e+00  0.0000e+00  0.0000e+00  0.0000e+00  0.0000e+00  0.0000e+00
     7  8.5284e-01  8.3812e-01  8.5531e-01  7.8725e-01  7.7183e-01  7.3077e-01  6.9997e-01  6.6301e-01  5.7435e-01  4.2346e-01  2.2479e-01  1.4709e-01  9.8140e-02  5.9966e-02  3.4587e-02  2.5996e-02  2.1378e-02  1.3169e-02  1.1883e-02  1.0819e-02  2.5881e-03  2.3116e-04  1.8529e-04         inf  0.0000e+00  0.0000e+00  0.0000e+00  0.0000e+00  0.0000e+00  0.0000e+00  0.0000e+00  0.0000e+00  0.0000e+00  0.0000e+00  0.0000e+00  0.0000e+00  0.0000e+00  0.0000e+00  0.0000e+00  0.0000e+00
     8  7.6188e-01  7.6164e-01  7.5137e-01  7.1683e-01  7.2504e-01  7.1723e-01  6.5054e-01  5.8859e-01  5.2481e-01  3.6824e-01  1.9994e-01  1.3963e-01  8.7873e-02  5.6439e-02  3.6905e-02  2.4715e-02  1.3283e-02  1.1415e-02  7.1546e-03  6.3121e-03  4.4843e-03  1.8479e-03         inf  0.0000e+00  0.0000e+00  0.0000e+00  0.0000e+00  0.0000e+00  0.0000e+00  0.0000e+00  0.0000e+00  0.0000e+00  0.0000e+00  0.0000e+00  0.0000e+00  0.0000e+00  0.0000e+00  0.0000e+00  0.0000e+00  0.0000e+00
     9  6.1866e-01  6.1598e-01  6.3728e-01  5.9142e-01  6.3025e-01  5.7009e-01  5.8107e-01  5.2817e-01  4.6225e-01  3.1315e-01  1.7328e-01  1.1041e-01  7.6816e-02  5.1943e-02  3.2852e-02  2.6547e-02  1.4013e-02  9.9103e-03  7.8415e-03  4.6596e-03  2.4298e-03  2.6848e-03  3.7475e-05  0.0000e+00  0.0000e+00  0.0000e+00  0.0000e+00  0.0000e+00  0.0000e+00  0.0000e+00  0.0000e+00  0.0000e+00  0.0000e+00  0.0000e+00  0.0000e+00  0.0000e+00  0.0000e+00  0.0000e+00  0.0000e+00  0.0000e+00
    10  4.5222e-01  4.7723e-01  4.9228e-01  4.5853e-01  4.5299e-01  4.5115e-01  4.0608e-01  3.7863e-01  3.3835e-01  2.3966e-01  1.2356e-01  8.7274e-02  5.5562e-02  3.7526e-02  2.1295e-02  1.7746e-02  1.1595e-02  7.4243e-03  6.3523e-03  4.6107e-03  2.3303e-03  1.2094e-04  0.0000e+00  0.0000e+00  0.0000e+00  0.0000e+00  0.0000e+00  0.0000e+00  0.0000e+00  0.0000e+00  0.0000e+00  0.0000e+00  0.0000e+00  0.0000e+00  0.0000e+00  0.0000e+00  0.0000e+00  0.0000e+00  0.0000e+00  0.0000e+00
    11  2.7584e-01  2.7622e-01  2.7851e-01  2.7667e-01  2.5431e-01  2.4246e-01  2.2926e-01  1.9595e-01  1.6649e-01  1.2192e-01  7.9371e-02  5.2074e-02  4.3528e-02  2.9072e-02  1.9987e-02  1.1946e-02  1.0247e-02  6.6480e-03  4.1759e-03  3.1598e-03  1.8651e-03  3.8847e-04         inf  0.0000e+00  0.0000e+00  0.0000e+00  0.0000e+00  0.0000e+00  0.0000e+00  0.0000e+00  0.0000e+00  0.0000e+00  0.0000e+00  0.0000e+00  0.0000e+00  0.0000e+00  0.0000e+00  0.0000e+00  0.0000e+00  0.0000e+00
    12  1.8349e-01  1.7368e-01  1.8358e-01  1.9481e-01  1.8124e-01  1.6549e-01  1.4471e-01  1.3331e-01  1.0114e-01  7.3114e-02  6.1844e-02  4.3737e-02  2.8644e-02  2.1280e-02  1.5396e-02  1.0028e-02  6.9841e-03  6.5191e-03  5.8642e-03  4.5888e-03  1.3675e-03  5.6340e-04  0.0000e+00  0.0000e+00  0.0000e+00  0.0000e+00  0.0000e+00  0.0000e+00  0.0000e+00  0.0000e+00  0.0000e+00  0.0000e+00  0.0000e+00  0.0000e+00  0.0000e+00  0.0000e+00  0.0000e+00  0.0000e+00  0.0000e+00  0.0000e+00
    13  1.3362e-01  1.1917e-01  1.2871e-01  1.2160e-01  1.0761e-01  1.1491e-01  9.7574e-02  8.9871e-02  7.4103e-02  5.2282e-02  3.9749e-02  3.6680e-02  2.2837e-02  1.7805e-02  1.2378e-02  9.9521e-03  6.8444e-03  5.6517e-03  4.8928e-03  2.7691e-03  1.8359e-03  4.2312e-04  0.0000e+00  0.0000e+00  0.0000e+00  0.0000e+00  0.0000e+00  0.0000e+00  0.0000e+00  0.0000e+00  0.0000e+00  0.0000e+00  0.0000e+00  0.0000e+00  0.0000e+00  0.0000e+00  0.0000e+00  0.0000e+00  0.0000e+00  0.0000e+00
    14  9.1709e-02  8.4738e-02  8.3597e-02  7.9898e-02  7.4255e-02  6.6358e-02  6.6846e-02  4.9737e-02  4.9210e-02  4.1887e-02  3.0437e-02  2.3474e-02  1.7014e-02  2.1772e-02  1.1301e-02  7.6486e-03  9.2651e-03  2.4865e-03  1.3961e-03  1.6521e-03  6.0454e-04         inf  0.0000e+00  0.0000e+00  0.0000e+00  0.0000e+00  0.0000e+00  0.0000e+00  0.0000e+00  0.0000e+00  0.0000e+00  0.0000e+00  0.0000e+00  0.0000e+00  0.0000e+00  0.0000e+00  0.0000e+00  0.0000e+00  0.0000e+00  0.0000e+00
    15  5.5256e-02  5.5055e-02  5.9602e-02  5.1450e-02  5.2591e-02  4.0270e-02  4.7825e-02  3.8647e-02  3.1686e-02  2.8646e-02  2.2147e-02  1.9363e-02  1.1952e-02  9.1974e-03  1.1291e-02  5.0931e-03  4.7755e-03  1.8964e-03  2.0129e-03  1.7977e-03  4.9732e-04         inf  0.0000e+00  0.0000e+00  0.0000e+00  0.0000e+00  0.0000e+00  0.0000e+00  0.0000e+00  0.0000e+00  0.0000e+00  0.0000e+00  0.0000e+00  0.0000e+00  0.0000e+00  0.0000e+00  0.0000e+00  0.0000e+00  0.0000e+00  0.0000e+00
    16  4.1846e-02  3.5169e-02  3.6148e-02  3.6734e-02  3.0677e-02  3.6114e-02  3.8914e-02  2.4669e-02  2.2502e-02  2.4257e-02  1.7755e-02  1.7348e-02  8.4619e-03  6.3267e-03  6.5906e-03  3.7908e-03  3.6700e-03  2.2378e-03  2.0783e-03  7.4322e-04  7.3647e-04  2.8802e-04  0.0000e+00  0.0000e+00  0.0000e+00  0.0000e+00  0.0000e+00  0.0000e+00  0.0000e+00  0.0000e+00  0.0000e+00  0.0000e+00  0.0000e+00  0.0000e+00  0.0000e+00  0.0000e+00  0.0000e+00  0.0000e+00  0.0000e+00  0.0000e+00
    17  2.8921e-02  2.7982e-02  2.5761e-02  2.6259e-02  2.4408e-02  2.8143e-02  2.3807e-02  2.1110e-02  1.4934e-02  1.5326e-02  1.0932e-02  1.0025e-02  8.3651e-03  4.3153e-03  3.9096e-03  3.5394e-03  2.9620e-03  1.2477e-03  7.8660e-04  4.3708e-04  5.8304e-04  0.0000e+00  0.0000e+00  0.0000e+00  0.0000e+00  0.0000e+00  0.0000e+00  0.0000e+00  0.0000e+00  0.0000e+00  0.0000e+00  0.0000e+00  0.0000e+00  0.0000e+00  0.0000e+00  0.0000e+00  0.0000e+00  0.0000e+00  0.0000e+00  0.0000e+00
    18  1.5651e-02  2.5674e-02  2.2595e-02  2.0314e-02  2.1202e-02  1.9323e-02  1.2914e-02  1.3752e-02  1.6357e-02  1.1381e-02  1.1973e-02  8.6896e-03  6.9306e-03  4.0867e-03  3.4000e-03  3.8692e-03  2.9966e-03  1.3363e-03  6.4788e-04  5.5935e-04  5.5263e-04  8.0357e-06  0.0000e+00  0.0000e+00  0.0000e+00  0.0000e+00  0.0000e+00  0.0000e+00  0.0000e+00  0.0000e+00  0.0000e+00  0.0000e+00  0.0000e+00  0.0000e+00  0.0000e+00  0.0000e+00  0.0000e+00  0.0000e+00  0.0000e+00  0.0000e+00
    19  1.3162e-02  1.5269e-02  1.1614e-02  1.1401e-02  9.7889e-03  1.0349e-02  1.0674e-02  1.5676e-02  8.3049e-03  8.3986e-03  6.2763e-03  9.0805e-03  8.4635e-03  4.5918e-03  3.2447e-03  5.5492e-03  3.1785e-03  1.8418e-03  6.0007e-04  9.3575e-04  3.5239e-04  3.2071e-05  0.0000e+00  0.0000e+00  0.0000e+00  0.0000e+00  0.0000e+00  0.0000e+00  0.0000e+00  0.0000e+00  0.0000e+00  0.0000e+00  0.0000e+00  0.0000e+00  0.0000e+00  0.0000e+00  0.0000e+00  0.0000e+00  0.0000e+00  0.0000e+00
    20  8.9591e-03  8.9884e-03  7.1877e-03  6.7366e-03  6.7369e-03  5.7424e-03  5.0283e-03  6.6842e-03  3.9515e-03  3.0481e-03  5.6527e-03  3.8571e-03  8.5368e-03  4.3509e-03  3.8190e-03  4.9132e-03  4.8114e-03  1.8731e-03  4.0230e-04  1.3852e-03  5.8585e-05         inf         inf  0.0000e+00  0.0000e+00  0.0000e+00  0.0000e+00  0.0000e+00  0.0000e+00  0.0000e+00  0.0000e+00  0.0000e+00  0.0000e+00  0.0000e+00  0.0000e+00  0.0000e+00  0.0000e+00  0.0000e+00  0.0000e+00  0.0000e+00
    21  4.0799e-03  6.1302e-03  5.3177e-03  3.8993e-03  4.5517e-03  5.8993e-03  3.8190e-03  3.8584e-03  5.0193e-03  2.1928e-03  2.8954e-03  1.6047e-03  2.3929e-03  1.5638e-03  3.2250e-03  2.1908e-03  1.5681e-03  9.8048e-04  8.2360e-04  1.1737e-03  3.2159e-04         inf         inf  0.0000e+00  0.0000e+00  0.0000e+00  0.0000e+00  0.0000e+00  0.0000e+00  0.0000e+00  0.0000e+00  0.0000e+00  0.0000e+00  0.0000e+00  0.0000e+00  0.0000e+00  0.0000e+00  0.0000e+00  0.0000e+00  0.0000e+00
    22  2.5707e-03  4.3716e-03  2.2845e-03  4.0167e-03  3.9066e-03  2.8566e-03  3.4202e-03  4.0463e-03  2.7036e-03  1.5597e-03  1.0962e-03  9.0994e-04  1.2042e-03  1.1816e-03  2.9241e-03  5.0691e-03  4.9257e-04  3.3630e-04  7.3726e-04  1.2109e-03  3.6784e-04  7.2232e-05  1.8296e-05  0.0000e+00  0.0000e+00  0.0000e+00  0.0000e+00  0.0000e+00  0.0000e+00  0.0000e+00  0.0000e+00  0.0000e+00  0.0000e+00  0.0000e+00  0.0000e+00  0.0000e+00  0.0000e+00  0.0000e+00  0.0000e+00  0.0000e+00
    23  2.6698e-03  2.3191e-03  2.0482e-03  2.0336e-03  2.2780e-03  3.5113e-03  1.8836e-03  2.8735e-03  3.3592e-03  5.4177e-03  1.6640e-03  3.8742e-04  1.1076e-03  8.2963e-04  7.9484e-04  1.2607e-03  4.6660e-04  7.3209e-04  3.5147e-03         inf         inf  0.0000e+00  9.0942e-06  1.5270e-05  2.0079e-06  0.0000e+00  0.0000e+00  0.0000e+00  0.0000e+00  0.0000e+00  0.0000e+00  0.0000e+00  0.0000e+00  0.0000e+00  0.0000e+00  0.0000e+00  0.0000e+00  0.0000e+00  0.0000e+00  0.0000e+00
    24  1.1300e-03  4.4825e-03  1.0608e-03  1.4428e-03  8.0090e-04  8.9828e-04  8.9742e-04  8.9012e-04  5.3762e-04  1.1540e-03         inf  3.1420e-04  2.6631e-03  4.1037e-03  2.3034e-04  4.5416e-04  1.0910e-04  2.5309e-04         inf         inf         inf         inf         inf         inf  1.6317e-04  0.0000e+00  0.0000e+00  0.0000e+00  0.0000e+00  0.0000e+00  0.0000e+00  0.0000e+00  0.0000e+00  0.0000e+00  0.0000e+00  0.0000e+00  0.0000e+00  0.0000e+00  0.0000e+00  0.0000e+00
    25  1.2982e-03  1.5272e-02  1.3996e-03  8.1321e-04  6.7086e-04  8.9540e-04  6.9694e-04  1.1825e-03  7.3578e-04  8.9864e-04  9.5234e-04  1.2804e-03         inf         inf  6.9393e-05  1.7950e-04  2.2775e-04  7.0972e-06  1.5711e-04         inf         inf         inf         inf         inf  0.0000e+00  0.0000e+00  0.0000e+00  0.0000e+00  0.0000e+00  0.0000e+00  0.0000e+00  0.0000e+00  0.0000e+00  0.0000e+00  0.0000e+00  0.0000e+00  0.0000e+00  0.0000e+00  0.0000e+00  0.0000e+00
    26  6.4950e-04  8.7039e-04  5.1846e-04  5.5137e-04  5.1827e-04  3.6519e-04  7.1842e-04  5.7827e-04  1.2590e-03  2.7496e-04  2.9204e-04  8.1702e-04  2.1918e-04         inf  6.4266e-05         inf  1.6535e-05  1.0177e-05  0.0000e+00         inf         inf  1.0374e-04         inf  0.0000e+00  0.0000e+00  0.0000e+00  0.0000e+00  0.0000e+00  0.0000e+00  0.0000e+00  0.0000e+00  0.0000e+00  0.0000e+00  0.0000e+00  0.0000e+00  0.0000e+00  0.0000e+00  0.0000e+00  0.0000e+00  0.0000e+00
    27  2.0969e-04  3.9067e-04  8.3098e-04  1.6514e-03  7.1099e-04  5.5193e-04  9.7650e-05  1.0591e-03  6.7487e-04         inf  5.2206e-05         inf  1.7531e-04  4.1847e-05  7.1022e-06  1.2544e-03  0.0000e+00  6.4154e-06  1.4186e-05         inf         inf  1.3078e-04  0.0000e+00  0.0000e+00  0.0000e+00  0.0000e+00  0.0000e+00  0.0000e+00  0.0000e+00  0.0000e+00  0.0000e+00  0.0000e+00  0.0000e+00  0.0000e+00  0.0000e+00  0.0000e+00  0.0000e+00  0.0000e+00  0.0000e+00  0.0000e+00
    28  6.5036e-04  9.3222e-04  8.8951e-04  6.7272e-04  2.7949e-03         inf  2.9753e-06         inf  5.1227e-04  1.0059e-04  2.5376e-05         inf         inf  8.6462e-06  0.0000e+00         inf  0.0000e+00  0.0000e+00  6.0890e-07         inf         inf  0.0000e+00  0.0000e+00  0.0000e+00  0.0000e+00  0.0000e+00  0.0000e+00  0.0000e+00  0.0000e+00  0.0000e+00  0.0000e+00  0.0000e+00  0.0000e+00  0.0000e+00  0.0000e+00  0.0000e+00  0.0000e+00  0.0000e+00  0.0000e+00  0.0000e+00
    29         inf  2.2308e-04  3.8105e-04  5.7543e-04  3.7219e-04  2.1627e-03  0.0000e+00         inf         inf         inf  3.3901e-04  1.8350e-04         inf  0.0000e+00  0.0000e+00         inf         inf  0.0000e+00  0.0000e+00  0.0000e+00  0.0000e+00  0.0000e+00  0.0000e+00  0.0000e+00  0.0000e+00  0.0000e+00  0.0000e+00  0.0000e+00  0.0000e+00  0.0000e+00  0.0000e+00  0.0000e+00  0.0000e+00  0.0000e+00  0.0000e+00  0.0000e+00  0.0000e+00  0.0000e+00  0.0000e+00  0.0000e+00
    30  1.6330e-04         inf  1.3636e-04  3.5751e-05  8.2306e-04         inf  0.0000e+00         inf         inf  0.0000e+00  0.0000e+00         inf         inf  0.0000e+00  0.0000e+00  0.0000e+00         inf  0.0000e+00  0.0000e+00  0.0000e+00  0.0000e+00  0.0000e+00  0.0000e+00  0.0000e+00  0.0000e+00  0.0000e+00  0.0000e+00  0.0000e+00  0.0000e+00  0.0000e+00  0.0000e+00  0.0000e+00  0.0000e+00  0.0000e+00  0.0000e+00  0.0000e+00  0.0000e+00  0.0000e+00  0.0000e+00  0.0000e+00
    31         inf         inf         inf  0.0000e+00  1.5901e-04         inf         inf         inf  0.0000e+00  0.0000e+00  0.0000e+00  0.0000e+00         inf         inf  0.0000e+00  0.0000e+00         inf         inf  0.0000e+00  0.0000e+00  0.0000e+00  0.0000e+00  0.0000e+00  0.0000e+00  0.0000e+00  0.0000e+00  0.0000e+00  0.0000e+00  0.0000e+00  0.0000e+00  0.0000e+00  0.0000e+00  0.0000e+00  0.0000e+00  0.0000e+00  0.0000e+00  0.0000e+00  0.0000e+00  0.0000e+00  0.0000e+00
    32         inf         inf         inf         inf  6.0373e-05  2.5117e-04         inf         inf  0.0000e+00  0.0000e+00  0.0000e+00  0.0000e+00  0.0000e+00         inf         inf         inf  0.0000e+00         inf  0.0000e+00  0.0000e+00  0.0000e+00  0.0000e+00  0.0000e+00  0.0000e+00  0.0000e+00  0.0000e+00  0.0000e+00  0.0000e+00  0.0000e+00  0.0000e+00  0.0000e+00  0.0000e+00  0.0000e+00  0.0000e+00  0.0000e+00  0.0000e+00  0.0000e+00  0.0000e+00  0.0000e+00  0.0000e+00
    33  0.0000e+00         inf  0.0000e+00         inf         inf  1.0989e-04         inf         inf         inf         inf  0.0000e+00  0.0000e+00  0.0000e+00  0.0000e+00         inf         inf         inf         inf         inf  0.0000e+00  0.0000e+00  0.0000e+00  0.0000e+00  0.0000e+00  0.0000e+00  0.0000e+00  0.0000e+00  0.0000e+00  0.0000e+00  0.0000e+00  0.0000e+00  0.0000e+00  0.0000e+00  0.0000e+00  0.0000e+00  0.0000e+00  0.0000e+00  0.0000e+00  0.0000e+00  0.0000e+00
    34  0.0000e+00         inf         inf  0.0000e+00         inf         inf  0.0000e+00  0.0000e+00         inf         inf  0.0000e+00  0.0000e+00  0.0000e+00  0.0000e+00  0.0000e+00         inf         inf         inf         inf  0.0000e+00  0.0000e+00  0.0000e+00  0.0000e+00  0.0000e+00  0.0000e+00  0.0000e+00  0.0000e+00  0.0000e+00  0.0000e+00  0.0000e+00  0.0000e+00  0.0000e+00  0.0000e+00  0.0000e+00  0.0000e+00  0.0000e+00  0.0000e+00  0.0000e+00  0.0000e+00  0.0000e+00
    35  0.0000e+00  0.0000e+00         inf         inf         inf         inf  0.0000e+00         inf         inf  0.0000e+00  0.0000e+00  0.0000e+00  0.0000e+00  0.0000e+00  0.0000e+00  0.0000e+00         inf         inf         inf         inf  0.0000e+00  0.0000e+00  0.0000e+00  0.0000e+00  0.0000e+00  0.0000e+00  0.0000e+00  0.0000e+00  0.0000e+00  0.0000e+00  0.0000e+00  0.0000e+00  0.0000e+00  0.0000e+00  0.0000e+00  0.0000e+00  0.0000e+00  0.0000e+00  0.0000e+00  0.0000e+00
    36  0.0000e+00  0.0000e+00  0.0000e+00  0.0000e+00  1.1226e-03         inf  0.0000e+00  2.2234e-05  0.0000e+00  0.0000e+00  0.0000e+00  0.0000e+00  0.0000e+00  0.0000e+00  0.0000e+00  0.0000e+00         inf         inf         inf         inf         inf  0.0000e+00  0.0000e+00  0.0000e+00  0.0000e+00  0.0000e+00  0.0000e+00  0.0000e+00  0.0000e+00  0.0000e+00  0.0000e+00  0.0000e+00  0.0000e+00  0.0000e+00  0.0000e+00  0.0000e+00  0.0000e+00  0.0000e+00  0.0000e+00  0.0000e+00
    37  0.0000e+00  0.0000e+00         inf         inf         inf         inf  0.0000e+00  7.7637e-07  0.0000e+00  0.0000e+00  0.0000e+00  0.0000e+00  0.0000e+00  0.0000e+00  0.0000e+00  0.0000e+00  0.0000e+00  0.0000e+00  0.0000e+00         inf         inf  3.8339e-03  3.0392e-04  0.0000e+00  0.0000e+00  0.0000e+00  0.0000e+00  0.0000e+00  0.0000e+00  0.0000e+00  0.0000e+00  0.0000e+00  0.0000e+00  0.0000e+00  0.0000e+00  0.0000e+00  0.0000e+00  0.0000e+00  0.0000e+00  0.0000e+00
    38  0.0000e+00  0.0000e+00  0.0000e+00         inf         inf         inf  0.0000e+00  0.0000e+00  0.0000e+00  0.0000e+00  0.0000e+00  0.0000e+00  0.0000e+00  0.0000e+00  0.0000e+00  0.0000e+00  0.0000e+00  0.0000e+00  0.0000e+00  0.0000e+00         inf         inf  0.0000e+00  0.0000e+00  0.0000e+00  0.0000e+00  0.0000e+00  0.0000e+00  0.0000e+00  0.0000e+00  0.0000e+00  0.0000e+00  0.0000e+00  0.0000e+00  0.0000e+00  0.0000e+00  0.0000e+00  0.0000e+00  0.0000e+00  0.0000e+00
    39  0.0000e+00  0.0000e+00  0.0000e+00  0.0000e+00         inf  0.0000e+00  0.0000e+00  0.0000e+00  0.0000e+00  0.0000e+00  0.0000e+00  0.0000e+00  0.0000e+00  0.0000e+00  0.0000e+00  0.0000e+00  0.0000e+00  0.0000e+00  0.0000e+00  0.0000e+00  0.0000e+00  0.0000e+00  0.0000e+00  0.0000e+00  0.0000e+00  0.0000e+00  0.0000e+00  0.0000e+00  0.0000e+00  0.0000e+00  0.0000e+00  0.0000e+00  0.0000e+00  0.0000e+00  0.0000e+00  0.0000e+00  0.0000e+00  0.0000e+00  0.0000e+00  0.0000e+00
    40  0.0000e+00  0.0000e+00  0.0000e+00  0.0000e+00  0.0000e+00  0.0000e+00  0.0000e+00  0.0000e+00  0.0000e+00  0.0000e+00  0.0000e+00  0.0000e+00  0.0000e+00  0.0000e+00  0.0000e+00  0.0000e+00  0.0000e+00  0.0000e+00  0.0000e+00  0.0000e+00  0.0000e+00  0.0000e+00  0.0000e+00  0.0000e+00  0.0000e+00  0.0000e+00  0.0000e+00  0.0000e+00  0.0000e+00  0.0000e+00  0.0000e+00  0.0000e+00  0.0000e+00  0.0000e+00  0.0000e+00  0.0000e+00  0.0000e+00  0.0000e+00  0.0000e+00  0.0000e+00
