 iy/ix           1           2           3           4           5           6           7           8           9          10          11          12          13          14          15          16          17          18          19          20          21          22          23          24          25          26          27          28          29          30          31          32          33          34          35          36          37          38          39          40
     1  1.0089e+00  1.0054e+00  9.8162e-01  1.0066e+00  1.0174e+00  9.6397e-01  9.7530e-01  9.1397e-01  8.3279e-01  8.5755e-01  6.9394e-01  4.5208e-01  2.9188e-01  1.6232e-01  1.2391e-01  1.0260e-01  4.8450e-02  4.7879e-02  3.8338e-02  2.9667e-02  7.0140e-03  2.6647e-03  2.7100e-04  0.0000e+00  0.0000e+00  0.0000e+00  0.0000e+00  0.0000e+00  0.0000e+00  0.0000e+00  0.0000e+00  0.0000e+00  0.0000e+00  0.0000e+00  0.0000e+00  0.0000e+00  0.0000e+00  0.0000e+00  0.0000e+00  0.0000e+00
     2  9.6921e-01  9.9427e-01  9.8248e-01  1.0122e+00  9.4924e-01  9.0808e-01  9.7017e-01  9.1974e-01  8.4918e-01  8.3102e-01  6.9829e-01  4.9340e-01  3.5983e-01  2.1005e-01  1.3923e-01  8.7976e-02  5.3211e-02  5.0446e-02  3.6266e-02  2.2323e-02  8.7640e-03  4.9239e-04         inf         inf  0.0000e+00  0.0000e+00  0.0000e+00  0.0000e+00  0.0000e+00  0.0000e+00  0.0000e+00  0.0000e+00  0.0000e+00  0.0000e+00  0.0000e+00  0.0000e+00  0.0000e+00  0.0000e+00  0.0000e+00  0.0000e+00
     3  9.8481e-01  9.8608e-01  9.7842e-01  9.8003e-01  9.7415e-01  9.1168e-01  9.0690e-01  9.4980e-01  8.9440e-01  8.5221e-01  6.3821e-01  4.3311e-01  3.0570e-01  2.5712e-01  1.1901e-01  8.4345e-02  8.2376e-02  3.4810e-02  2.7337e-02  1.9839e-02  1.0588e-02         inf         inf  0.0000e+00  0.0000e+00  0.0000e+00  0.0000e+00  0.0000e+00  0.0000e+00  0.0000e+00  0.0000e+00  0.0000e+00  0.0000e+00  0.0000e+00  0.0000e+00  0.0000e+00  0.0000e+00  0.0000e+00  0.0000e+00  0.0000e+00
     4  9.6508e-01  9.7831e-01  1.0227e+00  9.8450e-01  9.3908e-01  9.2933e-01  9.3845e-01  9.2778e-01  9.0137e-01  8.6430e-01  6.0754e-01  4.1203e-01  3.2701e-01  2.6801e-01  1.1343e-01  7.9870e-02  6.6491e-02  3.6580e-02  4.4696e-02  2.6026e-02  5.8861e-03  2.1909e-03  1.4068e-04  0.0000e+00  0.0000e+00  0.0000e+00  0.0000e+00  0.0000e+00  0.0000e+00  0.0000e+00  0.0000e+00  0.0000e+00  0.0000e+00  0.0000e+00  0.0000e+00  0.0000e+00  0.0000e+00  0.0000e+00  0.0000e+00  0.0000e+00
     5  9.8969e-01  9.5317e-01  1.0034e+00  9.5581e-01  9.4746e-01  9.0704e-01  8.7048e-01  8.6998e-01  8.4517e-01  8.2119e-01  6.5171e-01  4.7094e-01  2.9866e-01  2.2149e-01  1.2746e-01  8.1203e-02  6.0209e-02  3.7911e-02  1.7361e-02  1.7544e-02  5.0111e-03  5.6976e-03         inf  0.0000e+00  0.0000e+00  0.0000e+00  0.0000e+00  0.0000e+00  0.0000e+00  0.0000e+00  0.0000e+00  0.0000e+00  0.0000e+00  0.0000e+00  0.0000e+00  0.0000e+00  0.0000e+00  0.0000e+00  0.0000e+00  0.0000e+00
     6  9.3448e-01  9.1129e-01  1.0009e+00  9.5260e-01  9.9781e-01  9.4162e-01  9.0485e-01  8.6186e-01  8.2468e-01  7.8551e-01  7.0174e-01  4.7407e-01  2.9779e-01  1.9091e-01  1.1424e-01  7.1695e-02  4.3665e-02  3.8515e-02  2.3328e-02  3.3462e-02  4.6565e-03  8.3050e-04         inf         inf  0.0000e+00  0.0000e+00  0.0000e+00  0.0000e+00  0.0000e+00  0.0000e+00  0.0000e+00  0.0000e+00  0.0000e+00  0.0000e+00  0.0000e+00  0.0000e+00  0.0000e+00  0.0000e+00  0.0000e+00  0.0000e+00
     7  1.0221e+00  9.1043e-01  8.9464e-01  9.7342e-01  9.9891e-01  9.3240e-01  9.3723e-01  9.2183e-01  9.0476e-01  7.5335e-01  5.9160e-01  4.4496e-01  3.1504e-01  2.3378e-01  1.3448e-01  9.7587e-02  5.6521e-02  3.0671e-02  2.5468e-02  2.1404e-02  1.7334e-02  3.2826e-03         inf         inf  0.0000e+00  0.0000e+00  0.0000e+00  0.0000e+00  0.0000e+00  0.0000e+00  0.0000e+00  0.0000e+00  0.0000e+00  0.0000e+00  0.0000e+00  0.0000e+00  0.0000e+00  0.0000e+00  0.0000e+00  0.0000e+00
     8  9.0467e-01  9.6663e-01  8.9747e-01  9.1854e-01  9.2034e-01  8.9215e-01  8.3171e-01  8.8572e-01  8.3936e-01  7.5606e-01  5.8903e-01  3.4281e-01  2.4065e-01  1.9501e-01  1.1825e-01  9.5507e-02  5.3614e-02  3.1282e-02  2.3420e-02  1.4839e-02  6.5833e-03  1.6450e-03         inf  0.0000e+00  0.0000e+00  0.0000e+00  0.0000e+00  0.0000e+00  0.0000e+00  0.0000e+00  0.0000e+00  0.0000e+00  0.0000e+00  0.0000e+00  0.0000e+00  0.0000e+00  0.0000e+00  0.0000e+00  0.0000e+00  0.0000e+00
     9  8.3521e-01  8.2653e-01  8.8681e-01  9.0012e-01  8.5567e-01  8.6536e-01  8.8278e-01  8.2791e-01  7.6384e-01  6.9259e-01  5.6907e-01  3.7165e-01  2.2169e-01  1.7400e-01  9.0805e-02  6.1773e-02  4.7198e-02  2.8573e-02  2.1167e-02  2.0026e-02  3.9784e-03  7.2511e-04         inf  0.0000e+00  0.0000e+00  0.0000e+00  0.0000e+00  0.0000e+00  0.0000e+00  0.0000e+00  0.0000e+00  0.0000e+00  0.0000e+00  0.0000e+00  0.0000e+00  0.0000e+00  0.0000e+00  0.0000e+00  0.0000e+00  0.0000e+00
    10  7.8878e-01  8.1256e-01  8.3228e-01  9.0099e-01  8.6614e-01  7.6555e-01  7.7504e-01  7.9732e-01  7.7759e-01  6.7258e-01  5.0494e-01  2.7365e-01  1.8780e-01  1.1093e-01  7.5392e-02  7.6943e-02  4.2888e-02  7.3158e-02  1.5123e-02  2.5388e-02  6.2805e-03  7.3242e-05  0.0000e+00  0.0000e+00  0.0000e+00  0.0000e+00  0.0000e+00  0.0000e+00  0.0000e+00  0.0000e+00  0.0000e+00  0.0000e+00  0.0000e+00  0.0000e+00  0.0000e+00  0.0000e+00  0.0000e+00  0.0000e+00  0.0000e+00  0.0000e+00
    11  6.5287e-01  6.5431e-01  6.9219e-01  7.0649e-01  7.7394e-01  7.2395e-01  6.5873e-01  6.0989e-01  5.8743e-01  5.2254e-01  3.8483e-01  2.4676e-01  1.3403e-01  7.9437e-02  4.2197e-02  4.6115e-02  4.0143e-02  1.4629e-02  9.8987e-03  3.0753e-02  1.1777e-02         inf         inf  0.0000e+00  0.0000e+00  0.0000e+00  0.0000e+00  0.0000e+00  0.0000e+00  0.0000e+00  0.0000e+00  0.0000e+00  0.0000e+00  0.0000e+00  0.0000e+00  0.0000e+00  0.0000e+00  0.0000e+00  0.0000e+00  0.0000e+00
    12  4.4487e-01  4.6864e-01  4.3097e-01  4.6385e-01  4.4241e-01  3.9427e-01  4.0386e-01  3.8205e-01  3.5013e-01  2.9970e-01  2.4446e-01  1.8028e-01  1.2928e-01  7.8260e-02  3.8009e-02  2.6990e-02  2.4049e-02  1.5640e-02  1.9023e-02  1.1001e-02  2.6084e-03         inf  0.0000e+00  0.0000e+00  0.0000e+00  0.0000e+00  0.0000e+00  0.0000e+00  0.0000e+00  0.0000e+00  0.0000e+00  0.0000e+00  0.0000e+00  0.0000e+00  0.0000e+00  0.0000e+00  0.0000e+00  0.0000e+00  0.0000e+00  0.0000e+00
    13  3.2508e-01  3.3198e-01  3.1199e-01  3.6189e-01  3.1645e-01  3.0917e-01  2.6384e-01  3.0904e-01  1.9939e-01  2.2396e-01  1.5443e-01  1.7911e-01  8.2229e-02  7.8372e-02  6.3246e-02  3.9742e-02  2.6032e-02  2.3596e-02  2.4410e-02  4.6767e-03  2.3828e-03  1.7814e-04  0.0000e+00  0.0000e+00  0.0000e+00  0.0000e+00  0.0000e+00  0.0000e+00  0.0000e+00  0.0000e+00  0.0000e+00  0.0000e+00  0.0000e+00  0.0000e+00  0.0000e+00  0.0000e+00  0.0000e+00  0.0000e+00  0.0000e+00  0.0000e+00
    14  2.2954e-01  2.3938e-01  2.5965e-01  2.0196e-01  2.0653e-01  2.3223e-01  2.3273e-01  2.1687e-01  1.6772e-01  1.5485e-01  1.1382e-01  8.9769e-02  7.9024e-02  6.1594e-02  4.8354e-02  6.9722e-02  1.9238e-02  1.1590e-02  2.0456e-02  3.2610e-03  2.8088e-03  4.6354e-04  0.0000e+00  0.0000e+00  0.0000e+00  0.0000e+00  0.0000e+00  0.0000e+00  0.0000e+00  0.0000e+00  0.0000e+00  0.0000e+00  0.0000e+00  0.0000e+00  0.0000e+00  0.0000e+00  0.0000e+00  0.0000e+00  0.0000e+00  0.0000e+00
    15  1.2689e-01  1.5414e-01  1.3995e-01  1.4524e-01  1.3918e-01  1.1160e-01  1.2973e-01  1.2362e-01  1.1543e-01  1.2531e-01  7.5233e-02  6.5107e-02  7.1242e-02  3.6478e-02  2.4999e-02  1.6395e-02  2.8318e-02  1.4778e-02  2.0710e-02  3.1849e-03  1.2187e-03  6.1485e-04  0.0000e+00  0.0000e+00  0.0000e+00  0.0000e+00  0.0000e+00  0.0000e+00  0.0000e+00  0.0000e+00  0.0000e+00  0.0000e+00  0.0000e+00  0.0000e+00  0.0000e+00  0.0000e+00  0.0000e+00  0.0000e+00  0.0000e+00  0.0000e+00
    16  9.2935e-02  8.5731e-02  9.6621e-02  9.0655e-02  7.5081e-02  8.3546e-02  8.1474e-02  6.9101e-02  7.0336e-02  6.4924e-02  5.0073e-02  4.0474e-02  6.3707e-02  9.9707e-02  3.0393e-02  1.4914e-02  1.1330e-02  1.2959e-02  9.7333e-03  1.0250e-02  1.1822e-03         inf  0.0000e+00  0.0000e+00  0.0000e+00  0.0000e+00  0.0000e+00  0.0000e+00  0.0000e+00  0.0000e+00  0.0000e+00  0.0000e+00  0.0000e+00  0.0000e+00  0.0000e+00  0.0000e+00  0.0000e+00  0.0000e+00  0.0000e+00  0.0000e+00
    17  7.9952e-02  8.0469e-02  5.4474e-02  6.2869e-02  7.8930e-02  9.3424e-02  4.2437e-02  4.9753e-02  4.9445e-02  4.9673e-02  4.4748e-02  2.9289e-02  3.4912e-02  8.2677e-02  2.1925e-02  1.4100e-02  5.0398e-03  5.3214e-03  3.4512e-03  1.8518e-03  1.4728e-03  0.0000e+00  0.0000e+00  0.0000e+00  0.0000e+00  0.0000e+00  0.0000e+00  0.0000e+00  0.0000e+00  0.0000e+00  0.0000e+00  0.0000e+00  0.0000e+00  0.0000e+00  0.0000e+00  0.0000e+00  0.0000e+00  0.0000e+00  0.0000e+00  0.0000e+00
    18  7.1409e-02  4.9070e-02  4.1541e-02  6.0525e-02  6.0524e-02  4.5755e-02  3.1216e-02  4.1262e-02  3.0314e-02  3.3716e-02  2.5591e-02  2.0356e-02  3.0171e-02  1.8878e-02  1.1339e-02  6.7804e-03  2.2088e-02  8.3708e-03  4.6375e-03  2.1853e-03  1.2353e-03         inf  0.0000e+00  0.0000e+00  0.0000e+00  0.0000e+00  0.0000e+00  0.0000e+00  0.0000e+00  0.0000e+00  0.0000e+00  0.0000e+00  0.0000e+00  0.0000e+00  0.0000e+00  0.0000e+00  0.0000e+00  0.0000e+00  0.0000e+00  0.0000e+00
    19  3.5512e-02  2.8458e-02  3.1898e-02  3.3356e-02  1.9623e-02  2.8992e-02  1.6625e-02  1.8604e-02  2.1008e-02  1.1580e-02  1.3652e-02  1.4412e-02  1.1142e-02  1.9603e-02  6.2496e-03  7.7469e-03  7.5475e-03  2.0240e-02         inf         inf  6.3989e-05         inf  0.0000e+00  0.0000e+00  0.0000e+00  0.0000e+00  0.0000e+00  0.0000e+00  0.0000e+00  0.0000e+00  0.0000e+00  0.0000e+00  0.0000e+00  0.0000e+00  0.0000e+00  0.0000e+00  0.0000e+00  0.0000e+00  0.0000e+00  0.0000e+00
    20  2.8092e-02  1.3726e-02  2.2025e-02  2.7756e-02  1.4773e-02  3.4836e-02  6.1786e-02  1.2719e-02  1.7566e-02  6.0748e-03  1.2394e-02  8.0237e-03  7.8352e-03  9.1190e-03  5.5431e-03  9.0514e-03  3.3883e-03  9.4455e-03         inf  2.7857e-03  1.3619e-03  1.8743e-06  2.5006e-05  0.0000e+00  0.0000e+00  0.0000e+00  0.0000e+00  0.0000e+00  0.0000e+00  0.0000e+00  0.0000e+00  0.0000e+00  0.0000e+00  0.0000e+00  0.0000e+00  0.0000e+00  0.0000e+00  0.0000e+00  0.0000e+00  0.0000e+00
    21  2.0966e-02  1.1077e-02  1.2078e-02  1.2062e-02  2.2453e-02  3.2627e-02  4.2234e-02  2.7833e-02  7.1434e-03  9.0650e-03  5.8696e-03  1.0711e-02  8.2413e-03  5.6439e-03  3.9658e-03         inf  1.4629e-03  2.6353e-02  4.2617e-03  7.8491e-03  1.1955e-03         inf         inf  0.0000e+00  0.0000e+00  0.0000e+00  0.0000e+00  0.0000e+00  0.0000e+00  0.0000e+00  0.0000e+00  0.0000e+00  0.0000e+00  0.0000e+00  0.0000e+00  0.0000e+00  0.0000e+00  0.0000e+00  0.0000e+00  0.0000e+00
    22  8.8973e-03  1.4367e-02  9.3762e-03  1.5005e-02  1.5300e-02  1.7263e-02  1.3291e-02  4.7938e-03  7.4129e-03  3.3581e-03  1.4635e-03  3.8319e-03  1.7164e-02  2.0517e-02  9.6691e-03  1.4252e-03         inf         inf  6.7006e-04  3.7479e-04  3.7440e-04  2.0909e-04  7.0419e-05  0.0000e+00  0.0000e+00  0.0000e+00  0.0000e+00  0.0000e+00  0.0000e+00  0.0000e+00  0.0000e+00  0.0000e+00  0.0000e+00  0.0000e+00  0.0000e+00  0.0000e+00  0.0000e+00  0.0000e+00  0.0000e+00  0.0000e+00
    23  4.2686e-03  7.8178e-03  5.6299e-03  4.7390e-03  6.2944e-03  4.8373e-03  5.1388e-02  3.6597e-03  4.9891e-03  3.4697e-03  1.8693e-03  1.6417e-03  3.2731e-03  7.8646e-04         inf  7.3929e-04  1.6321e-04  1.0279e-03         inf         inf         inf  0.0000e+00         inf         inf         inf  0.0000e+00  0.0000e+00  0.0000e+00  0.0000e+00  0.0000e+00  0.0000e+00  0.0000e+00  0.0000e+00  0.0000e+00  0.0000e+00  0.0000e+00  0.0000e+00  0.0000e+00  0.0000e+00  0.0000e+00
    24  9.3380e-03  1.0143e-02  4.9107e-02  9.2655e-03  2.5451e-03  1.9958e-02  4.7924e-03  1.2369e-02         inf         inf         inf         inf  1.3808e-03  2.1431e-03         inf         inf         inf         inf         inf         inf         inf         inf         inf         inf         inf  0.0000e+00  0.0000e+00  0.0000e+00  0.0000e+00  0.0000e+00  0.0000e+00  0.0000e+00  0.0000e+00  0.0000e+00  0.0000e+00  0.0000e+00  0.0000e+00  0.0000e+00  0.0000e+00  0.0000e+00
    25  7.5432e-03  2.2658e-02  2.0378e-03  1.5300e-03  1.1108e-03  4.6600e-03  1.6083e-02         inf         inf         inf  2.0924e-03         inf  6.0514e-04  1.7929e-04  1.8521e-03  3.8529e-04         inf         inf  1.5960e-04         inf         inf         inf         inf         inf  0.0000e+00  0.0000e+00  0.0000e+00  0.0000e+00  0.0000e+00  0.0000e+00  0.0000e+00  0.0000e+00  0.0000e+00  0.0000e+00  0.0000e+00  0.0000e+00  0.0000e+00  0.0000e+00  0.0000e+00  0.0000e+00
    26  7.7873e-03  1.5882e-03  3.4957e-03  1.2029e-02         inf         inf         inf  1.8666e-03  2.2426e-01         inf  1.0067e-03  5.1577e-04  3.6234e-04         inf         inf  3.8121e-04  1.1364e-04         inf  0.0000e+00         inf         inf         inf         inf  0.0000e+00  0.0000e+00  0.0000e+00  0.0000e+00  0.0000e+00  0.0000e+00  0.0000e+00  0.0000e+00  0.0000e+00  0.0000e+00  0.0000e+00  0.0000e+00  0.0000e+00  0.0000e+00  0.0000e+00  0.0000e+00  0.0000e+00
    27         inf  1.0625e-03  2.3196e-03  1.9081e-03         inf         inf         inf         inf  5.5024e-04  1.2972e-03         inf         inf         inf         inf         inf         inf  0.0000e+00         inf         inf  1.2436e-05         inf         inf  0.0000e+00  0.0000e+00  0.0000e+00  0.0000e+00  0.0000e+00  0.0000e+00  0.0000e+00  0.0000e+00  0.0000e+00  0.0000e+00  0.0000e+00  0.0000e+00  0.0000e+00  0.0000e+00  0.0000e+00  0.0000e+00  0.0000e+00  0.0000e+00
    28         inf         inf         inf         inf  4.7497e-01         inf         inf         inf         inf         inf         inf         inf         inf         inf  0.0000e+00         inf  0.0000e+00  0.0000e+00         inf  3.4407e-05         inf  0.0000e+00  0.0000e+00  0.0000e+00  0.0000e+00  0.0000e+00  0.0000e+00  0.0000e+00  0.0000e+00  0.0000e+00  0.0000e+00  0.0000e+00  0.0000e+00  0.0000e+00  0.0000e+00  0.0000e+00  0.0000e+00  0.0000e+00  0.0000e+00  0.0000e+00
    29         inf         inf         inf         inf         inf  1.9763e-04  0.0000e+00         inf         inf         inf         inf         inf         inf  0.0000e+00  0.0000e+00         inf         inf  0.0000e+00  0.0000e+00  0.0000e+00  0.0000e+00  0.0000e+00  0.0000e+00  0.0000e+00  0.0000e+00  0.0000e+00  0.0000e+00  0.0000e+00  0.0000e+00  0.0000e+00  0.0000e+00  0.0000e+00  0.0000e+00  0.0000e+00  0.0000e+00  0.0000e+00  0.0000e+00  0.0000e+00  0.0000e+00  0.0000e+00
    30  1.5433e-02         inf         inf         inf         inf         inf  0.0000e+00         inf         inf  0.0000e+00  0.0000e+00         inf         inf  0.0000e+00  0.0000e+00  0.0000e+00         inf  0.0000e+00  0.0000e+00  0.0000e+00  0.0000e+00  0.0000e+00  0.0000e+00  0.0000e+00  0.0000e+00  0.0000e+00  0.0000e+00  0.0000e+00  0.0000e+00  0.0000e+00  0.0000e+00  0.0000e+00  0.0000e+00  0.0000e+00  0.0000e+00  0.0000e+00  0.0000e+00  0.0000e+00  0.0000e+00  0.0000e+00
    31         inf         inf         inf  0.0000e+00         inf         inf         inf         inf  0.0000e+00  0.0000e+00  0.0000e+00  0.0000e+00         inf         inf  0.0000e+00  0.0000e+00         inf         inf  0.0000e+00  0.0000e+00  0.0000e+00  0.0000e+00  0.0000e+00  0.0000e+00  0.0000e+00  0.0000e+00  0.0000e+00  0.0000e+00  0.0000e+00  0.0000e+00  0.0000e+00  0.0000e+00  0.0000e+00  0.0000e+00  0.0000e+00  0.0000e+00  0.0000e+00  0.0000e+00  0.0000e+00  0.0000e+00
    32  2.1328e-04  1.3005e-04         inf         inf         inf         inf         inf         inf  0.0000e+00  0.0000e+00  0.0000e+00  0.0000e+00  0.0000e+00         inf         inf         inf  0.0000e+00         inf  0.0000e+00  0.0000e+00  0.0000e+00  0.0000e+00  0.0000e+00  0.0000e+00  0.0000e+00  0.0000e+00  0.0000e+00  0.0000e+00  0.0000e+00  0.0000e+00  0.0000e+00  0.0000e+00  0.0000e+00  0.0000e+00  0.0000e+00  0.0000e+00  0.0000e+00  0.0000e+00  0.0000e+00  0.0000e+00
    33  0.0000e+00  1.5493e-05  0.0000e+00         inf         inf         inf         inf         inf         inf         inf  0.0000e+00  0.0000e+00  0.0000e+00  0.0000e+00         inf         inf         inf         inf         inf  0.0000e+00  0.0000e+00  0.0000e+00  0.0000e+00  0.0000e+00  0.0000e+00  0.0000e+00  0.0000e+00  0.0000e+00  0.0000e+00  0.0000e+00  0.0000e+00  0.0000e+00  0.0000e+00  0.0000e+00  0.0000e+00  0.0000e+00  0.0000e+00  0.0000e+00  0.0000e+00  0.0000e+00
    34  0.0000e+00  2.9280e-06  1.2565e-05  0.0000e+00         inf         inf  0.0000e+00  0.0000e+00         inf         inf  0.0000e+00  0.0000e+00  0.0000e+00  0.0000e+00  0.0000e+00         inf         inf         inf         inf  0.0000e+00  0.0000e+00  0.0000e+00  0.0000e+00  0.0000e+00  0.0000e+00  0.0000e+00  0.0000e+00  0.0000e+00  0.0000e+00  0.0000e+00  0.0000e+00  0.0000e+00  0.0000e+00  0.0000e+00  0.0000e+00  0.0000e+00  0.0000e+00  0.0000e+00  0.0000e+00  0.0000e+00
    35  0.0000e+00  0.0000e+00  3.0064e-05         inf         inf  1.0626e-04  0.0000e+00         inf         inf  0.0000e+00  0.0000e+00  0.0000e+00  0.0000e+00  0.0000e+00  0.0000e+00  0.0000e+00  7.2300e-05  7.8979e-05  2.7635e-04         inf  0.0000e+00  0.0000e+00  0.0000e+00  0.0000e+00  0.0000e+00  0.0000e+00  0.0000e+00  0.0000e+00  0.0000e+00  0.0000e+00  0.0000e+00  0.0000e+00  0.0000e+00  0.0000e+00  0.0000e+00  0.0000e+00  0.0000e+00  0.0000e+00  0.0000e+00  0.0000e+00
    36  0.0000e+00  0.0000e+00  0.0000e+00  0.0000e+00         inf         inf  0.0000e+00         inf  0.0000e+00  0.0000e+00  0.0000e+00  0.0000e+00  0.0000e+00  0.0000e+00  0.0000e+00  0.0000e+00         inf         inf  7.2108e-05  1.4445e-05  1.2174e-05  0.0000e+00  0.0000e+00  0.0000e+00  0.0000e+00  0.0000e+00  0.0000e+00  0.0000e+00  0.0000e+00  0.0000e+00  0.0000e+00  0.0000e+00  0.0000e+00  0.0000e+00  0.0000e+00  0.0000e+00  0.0000e+00  0.0000e+00  0.0000e+00  0.0000e+00
    37  0.0000e+00  0.0000e+00         inf         inf         inf         inf  0.0000e+00         inf  0.0000e+00  0.0000e+00  0.0000e+00  0.0000e+00  0.0000e+00  0.0000e+00  0.0000e+00  0.0000e+00  0.0000e+00  0.0000e+00  0.0000e+00         inf  1.5483e-06  5.7057e-04         inf  0.0000e+00  0.0000e+00  0.0000e+00  0.0000e+00  0.0000e+00  0.0000e+00  0.0000e+00  0.0000e+00  0.0000e+00  0.0000e+00  0.0000e+00  0.0000e+00  0.0000e+00  0.0000e+00  0.0000e+00  0.0000e+00  0.0000e+00
    38  0.0000e+00  0.0000e+00  0.0000e+00         inf  1.7409e-04         inf  0.0000e+00  0.0000e+00  0.0000e+00  0.0000e+00  0.0000e+00  0.0000e+00  0.0000e+00  0.0000e+00  0.0000e+00  0.0000e+00  0.0000e+00  0.0000e+00  0.0000e+00  0.0000e+00         inf         inf  0.0000e+00  0.0000e+00  0.0000e+00  0.0000e+00  0.0000e+00  0.0000e+00  0.0000e+00  0.0000e+00  0.0000e+00  0.0000e+00  0.0000e+00  0.0000e+00  0.0000e+00  0.0000e+00  0.0000e+00  0.0000e+00  0.0000e+00  0.0000e+00
    39  0.0000e+00  0.0000e+00  0.0000e+00  0.0000e+00  1.5353e-05  0.0000e+00  0.0000e+00  0.0000e+00  0.0000e+00  0.0000e+00  0.0000e+00  0.0000e+00  0.0000e+00  0.0000e+00  0.0000e+00  0.0000e+00  0.0000e+00  0.0000e+00  0.0000e+00  0.0000e+00  0.0000e+00  0.0000e+00  0.0000e+00  0.0000e+00  0.0000e+00  0.0000e+00  0.0000e+00  0.0000e+00  0.0000e+00  0.0000e+00  0.0000e+00  0.0000e+00  0.0000e+00  0.0000e+00  0.0000e+00  0.0000e+00  0.0000e+00  0.0000e+00  0.0000e+00  0.0000e+00
    40  0.0000e+00  0.0000e+00  0.0000e+00  0.0000e+00  0.0000e+00  0.0000e+00  0.0000e+00  0.0000e+00  0.0000e+00  0.0000e+00  0.0000e+00  0.0000e+00  0.0000e+00  0.0000e+00  0.0000e+00  0.0000e+00  0.0000e+00  0.0000e+00  0.0000e+00  0.0000e+00  0.0000e+00  0.0000e+00  0.0000e+00  0.0000e+00  0.0000e+00  0.0000e+00  0.0000e+00  0.0000e+00  0.0000e+00  0.0000e+00  0.0000e+00  0.0000e+00  0.0000e+00  0.0000e+00  0.0000e+00  0.0000e+00  0.0000e+00  0.0000e+00  0.0000e+00  0.0000e+00
