 iy/ix           1           2           3           4           5           6           7           8           9          10          11          12          13          14          15          16          17          18          19          20          21          22          23          24          25          26          27          28          29          30          31          32          33          34          35          36          37          38          39          40
     1  1.0096e+00  9.5667e-01  9.4770e-01  9.5320e-01  9.3656e-01  8.7062e-01  8.0155e-01  8.0667e-01  6.6482e-01  4.4792e-01  2.1034e-01  1.4563e-01  1.1967e-01  7.2231e-02  4.7377e-02  4.3743e-02  1.7858e-02  1.9655e-02  1.0984e-02  1.1093e-02  3.6708e-03  5.9758e-04  1.2922e-04  0.0000e+00  0.0000e+00  0.0000e+00  0.0000e+00  0.0000e+00  0.0000e+00  0.0000e+00  0.0000e+00  0.0000e+00  0.0000e+00  0.0000e+00  0.0000e+00  0.0000e+00  0.0000e+00  0.0000e+00  0.0000e+00  0.0000e+00
     2  1.0070e+00  1.0079e+00  9.8088e-01  9.6267e-01  9.1491e-01  8.7901e-01  8.0644e-01  7.5199e-01  6.3152e-01  4.7276e-01  2.2263e-01  1.6124e-01  1.1827e-01  7.4887e-02  5.1184e-02  3.4472e-02  1.6255e-02  1.3642e-02  7.1346e-03  5.9080e-03  1.6340e-03  0.0000e+00  0.0000e+00  0.0000e+00  0.0000e+00  0.0000e+00  0.0000e+00  0.0000e+00  0.0000e+00  0.0000e+00  0.0000e+00  0.0000e+00  0.0000e+00  0.0000e+00  0.0000e+00  0.0000e+00  0.0000e+00  0.0000e+00  0.0000e+00  0.0000e+00
     3  9.8947e-01  9.8946e-01  9.0562e-01  9.1134e-01  9.0331e-01  8.6752e-01  8.0080e-01  7.6981e-01  6.2480e-01  4.5063e-01  1.9981e-01  1.4714e-01  1.0042e-01  6.9865e-02  4.6459e-02  3.5196e-02  1.6034e-02  1.2382e-02  6.8995e-03  3.6407e-03  1.6714e-03  0.0000e+00  0.0000e+00  0.0000e+00  0.0000e+00  0.0000e+00  0.0000e+00  0.0000e+00  0.0000e+00  0.0000e+00  0.0000e+00  0.0000e+00  0.0000e+00  0.0000e+00  0.0000e+00  0.0000e+00  0.0000e+00  0.0000e+00  0.0000e+00  0.0000e+00
     4  9.2155e-01  9.1897e-01  9.2685e-01  8.7947e-01  8.9865e-01  8.8409e-01  8.1675e-01  7.8855e-01  6.4428e-01  4.5550e-01  1.8395e-01  1.2943e-01  1.0290e-01  5.9536e-02  4.6140e-02  3.3997e-02  2.4762e-02  1.6070e-02  9.4813e-03  6.2025e-03  1.7910e-03  0.0000e+00  0.0000e+00  0.0000e+00  0.0000e+00  0.0000e+00  0.0000e+00  0.0000e+00  0.0000e+00  0.0000e+00  0.0000e+00  0.0000e+00  0.0000e+00  0.0000e+00  0.0000e+00  0.0000e+00  0.0000e+00  0.0000e+00  0.0000e+00  0.0000e+00
     5  9.6443e-01  9.3020e-01  9.0385e-01  8.6256e-01  8.5490e-01  8.2449e-01  7.4505e-01  6.9120e-01  6.2903e-01  4.4089e-01  2.2487e-01  1.3764e-01  8.7555e-02  5.9222e-02  4.4278e-02  4.7643e-02  2.1159e-02  2.5051e-02  9.5844e-03  1.2095e-02  3.2466e-03  1.5713e-03  0.0000e+00  0.0000e+00  0.0000e+00  0.0000e+00  0.0000e+00  0.0000e+00  0.0000e+00  0.0000e+00  0.0000e+00  0.0000e+00  0.0000e+00  0.0000e+00  0.0000e+00  0.0000e+00  0.0000e+00  0.0000e+00  0.0000e+00  0.0000e+00
     6  8.9998e-01  9.1793e-01  8.5610e-01  8.5243e-01  8.7262e-01  8.5611e-01  7.9934e-01  6.5642e-01  5.8521e-01  4.3416e-01  1.9667e-01  1.2432e-01  8.6516e-02  6.0855e-02  4.9923e-02  4.9901e-02  1.8139e-02  1.4018e-02  1.3935e-02  6.6093e-03  1.3129e-03  7.2035e-04  4.2406e-04  2.8892e-04  0.0000e+00  0.0000e+00  0.0000e+00  0.0000e+00  0.0000e+00  0.0000e+00  0.0000e+00  0.0000e+00  0.0000e+00  0.0000e+00  0.0000e+00  0.0000e+00  0.0000e+00  0.0000e+00  0.0000e+00  0.0000e+00
     7  8.6256e-01  8.5044e-01  8.5543e-01  7.9781e-01  8.2146e-01  8.0696e-01  7.6144e-01  6.8162e-01  5.5844e-01  3.9081e-01  1.9362e-01  1.1465e-01  8.1127e-02  5.2632e-02  3.1977e-02  2.9904e-02  1.9203e-02  1.0633e-02  1.2000e-02  1.1252e-02  4.6966e-03  2.8178e-04  0.0000e+00  0.0000e+00  0.0000e+00  0.0000e+00  0.0000e+00  0.0000e+00  0.0000e+00  0.0000e+00  0.0000e+00  0.0000e+00  0.0000e+00  0.0000e+00  0.0000e+00  0.0000e+00  0.0000e+00  0.0000e+00  0.0000e+00  0.0000e+00
     8  7.5033e-01  7.7289e-01  7.6710e-01  7.0306e-01  7.1943e-01  6.8487e-01  7.0047e-01  6.2314e-01  5.0002e-01  3.5656e-01  1.7346e-01  1.1816e-01  6.2920e-02  3.9797e-02  3.1203e-02  3.0863e-02  1.7463e-02  7.6605e-03  8.5295e-03  4.4837e-03  4.0508e-03  6.3260e-04  2.0635e-04  0.0000e+00  0.0000e+00  0.0000e+00  0.0000e+00  0.0000e+00  0.0000e+00  0.0000e+00  0.0000e+00  0.0000e+00  0.0000e+00  0.0000e+00  0.0000e+00  0.0000e+00  0.0000e+00  0.0000e+00  0.0000e+00  0.0000e+00
     9  6.5328e-01  6.4237e-01  6.8658e-01  6.4382e-01  6.3055e-01  5.8697e-01  5.9545e-01  5.3951e-01  4.4477e-01  2.8446e-01  1.4351e-01  1.1342e-01  7.1337e-02  4.3623e-02  2.3812e-02  1.6691e-02  1.6010e-02  1.2300e-02  6.7026e-03  3.1210e-03  1.3789e-03  2.7185e-04  0.0000e+00  0.0000e+00  0.0000e+00  0.0000e+00  0.0000e+00  0.0000e+00  0.0000e+00  0.0000e+00  0.0000e+00  0.0000e+00  0.0000e+00  0.0000e+00  0.0000e+00  0.0000e+00  0.0000e+00  0.0000e+00  0.0000e+00  0.0000e+00
    10  4.7194e-01  4.5569e-01  4.2372e-01  4.5135e-01  4.7058e-01  4.1863e-01  4.0296e-01  3.7827e-01  3.3501e-01  2.3562e-01  1.1082e-01  8.5529e-02  5.9908e-02  3.8414e-02  2.1602e-02  1.4612e-02  1.3852e-02  8.5337e-03  6.8048e-03  4.1660e-03  2.9927e-03  1.7749e-04  0.0000e+00  0.0000e+00  0.0000e+00  0.0000e+00  0.0000e+00  0.0000e+00  0.0000e+00  0.0000e+00  0.0000e+00  0.0000e+00  0.0000e+00  0.0000e+00  0.0000e+00  0.0000e+00  0.0000e+00  0.0000e+00  0.0000e+00  0.0000e+00
    11  2.0304e-01  2.3562e-01  2.4737e-01  2.2890e-01  2.2888e-01  2.1702e-01  1.9723e-01  1.8146e-01  1.3020e-01  1.1320e-01  7.2214e-02  6.0944e-02  3.8722e-02  2.4922e-02  1.5485e-02  1.1719e-02  8.6378e-03  8.4128e-03  8.3219e-03  7.0163e-03  1.2532e-03  3.6114e-04  0.0000e+00  0.0000e+00  0.0000e+00  0.0000e+00  0.0000e+00  0.0000e+00  0.0000e+00  0.0000e+00  0.0000e+00  0.0000e+00  0.0000e+00  0.0000e+00  0.0000e+00  0.0000e+00  0.0000e+00  0.0000e+00  0.0000e+00  0.0000e+00
    12  1.5404e-01  1.5035e-01  1.5470e-01  1.5099e-01  1.5615e-01  1.4083e-01  1.1694e-01  1.2619e-01  1.0499e-01  6.2939e-02  5.9229e-02  4.4445e-02  3.2604e-02  2.0462e-02  1.7483e-02  1.0783e-02  3.1079e-03  8.6762e-03  5.6820e-03  1.6942e-03  1.7202e-03  6.0501e-04  0.0000e+00  0.0000e+00  0.0000e+00  0.0000e+00  0.0000e+00  0.0000e+00  0.0000e+00  0.0000e+00  0.0000e+00  0.0000e+00  0.0000e+00  0.0000e+00  0.0000e+00  0.0000e+00  0.0000e+00  0.0000e+00  0.0000e+00  0.0000e+00
    13  1.0456e-01  1.0285e-01  1.0239e-01  9.7976e-02  8.8630e-02  7.4008e-02  8.5577e-02  7.4479e-02  7.9508e-02  4.5682e-02  4.3901e-02  3.8007e-02  2.3614e-02  1.6929e-02  1.2260e-02  1.1216e-02  6.7266e-03  4.9465e-03  5.6727e-03  3.1886e-03  4.6471e-04  2.0251e-04  0.0000e+00  0.0000e+00  0.0000e+00  0.0000e+00  0.0000e+00  0.0000e+00  0.0000e+00  0.0000e+00  0.0000e+00  0.0000e+00  0.0000e+00  0.0000e+00  0.0000e+00  0.0000e+00  0.0000e+00  0.0000e+00  0.0000e+00  0.0000e+00
    14  7.1491e-02  6.8722e-02  7.9866e-02  7.2314e-02  5.8125e-02  5.4124e-02  4.2049e-02  4.6566e-02  5.4759e-02  5.1025e-02  3.3354e-02  2.8168e-02  2.5120e-02  1.7164e-02  9.0697e-03  7.3983e-03  4.4129e-03  4.8421e-03  3.8041e-03  1.1851e-03  5.8872e-04  1.2085e-03  0.0000e+00  0.0000e+00  0.0000e+00  0.0000e+00  0.0000e+00  0.0000e+00  0.0000e+00  0.0000e+00  0.0000e+00  0.0000e+00  0.0000e+00  0.0000e+00  0.0000e+00  0.0000e+00  0.0000e+00  0.0000e+00  0.0000e+00  0.0000e+00
    15  5.7831e-02  5.7668e-02  4.7770e-02  4.8598e-02  4.4497e-02  3.9047e-02  3.8079e-02  4.3760e-02  3.1530e-02  2.2110e-02  2.0418e-02  1.2597e-02  2.2140e-02  9.9642e-03  1.4667e-02  5.3653e-03  4.6197e-03  8.5823e-04  3.7541e-03  1.0897e-03  2.3912e-04  1.5943e-03  0.0000e+00  0.0000e+00  0.0000e+00  0.0000e+00  0.0000e+00  0.0000e+00  0.0000e+00  0.0000e+00  0.0000e+00  0.0000e+00  0.0000e+00  0.0000e+00  0.0000e+00  0.0000e+00  0.0000e+00  0.0000e+00  0.0000e+00  0.0000e+00
    16  4.5046e-02  2.9190e-02  3.1561e-02  2.9862e-02  2.9963e-02  3.5331e-02  3.4895e-02  2.2025e-02  1.7153e-02  1.6416e-02  1.4196e-02  1.4685e-02  1.4199e-02  8.7146e-03  7.9728e-03  5.2521e-03  3.1040e-03  1.0889e-03  2.2755e-03  2.0934e-03  2.4669e-04  4.3003e-04  0.0000e+00  0.0000e+00  0.0000e+00  0.0000e+00  0.0000e+00  0.0000e+00  0.0000e+00  0.0000e+00  0.0000e+00  0.0000e+00  0.0000e+00  0.0000e+00  0.0000e+00  0.0000e+00  0.0000e+00  0.0000e+00  0.0000e+00  0.0000e+00
    17  2.9234e-02  2.7944e-02  1.9872e-02  1.8173e-02  2.1099e-02  1.7217e-02  1.0232e-02  1.3978e-02  9.3883e-03  1.1853e-02  1.1868e-02  9.5171e-03  9.8577e-03  4.8559e-03  1.3940e-03  2.0029e-03  4.9808e-03  1.0396e-03  0.0000e+00  7.6359e-05  5.1490e-04  0.0000e+00  0.0000e+00  0.0000e+00  0.0000e+00  0.0000e+00  0.0000e+00  0.0000e+00  0.0000e+00  0.0000e+00  0.0000e+00  0.0000e+00  0.0000e+00  0.0000e+00  0.0000e+00  0.0000e+00  0.0000e+00  0.0000e+00  0.0000e+00  0.0000e+00
    18  2.1029e-02  2.0435e-02  1.1441e-02  1.4754e-02  1.6815e-02  1.5281e-02  6.7873e-03  9.3818e-03  1.2679e-02  1.1678e-02  1.3317e-02  1.1041e-02  5.4983e-03  3.7643e-03  3.1579e-03  3.1191e-03  5.0284e-03  9.3127e-04  0.0000e+00  2.8517e-04  6.6042e-04  1.3514e-05  0.0000e+00  0.0000e+00  0.0000e+00  0.0000e+00  0.0000e+00  0.0000e+00  0.0000e+00  0.0000e+00  0.0000e+00  0.0000e+00  0.0000e+00  0.0000e+00  0.0000e+00  0.0000e+00  0.0000e+00  0.0000e+00  0.0000e+00  0.0000e+00
    19  1.0869e-02  5.9147e-03  8.3297e-03  9.0972e-03  6.1821e-03  8.7897e-03  5.5148e-03  4.3960e-03  8.3223e-03  8.3755e-03  3.7843e-03  6.6273e-03  4.5728e-03  2.1143e-03  3.6482e-03  3.2898e-03  2.3108e-03  5.3001e-04  0.0000e+00  5.4813e-05  0.0000e+00  2.8125e-04  0.0000e+00  0.0000e+00  0.0000e+00  0.0000e+00  0.0000e+00  0.0000e+00  0.0000e+00  0.0000e+00  0.0000e+00  0.0000e+00  0.0000e+00  0.0000e+00  0.0000e+00  0.0000e+00  0.0000e+00  0.0000e+00  0.0000e+00  0.0000e+00
    20  8.3645e-03  8.9052e-03  8.7532e-03  5.4493e-03  4.9753e-03  3.6752e-03  4.7394e-03  4.4664e-03  2.6892e-03  2.8393e-03  3.2440e-03  4.4953e-03  6.2396e-03  2.6310e-03  2.2084e-03  4.3675e-03  2.5090e-03  2.9289e-03  1.0967e-03  6.1233e-04  0.0000e+00  0.0000e+00  3.9780e-04  0.0000e+00  0.0000e+00  0.0000e+00  0.0000e+00  0.0000e+00  0.0000e+00  0.0000e+00  0.0000e+00  0.0000e+00  0.0000e+00  0.0000e+00  0.0000e+00  0.0000e+00  0.0000e+00  0.0000e+00  0.0000e+00  0.0000e+00
    21  3.7937e-03  5.2767e-03  9.1644e-03  8.9573e-03  5.2397e-03  4.8597e-03  3.3843e-03  3.2905e-03  1.7435e-03  9.1584e-04  8.6813e-04  2.1787e-03  5.6415e-03  1.1870e-03  5.9772e-04  8.4081e-04  2.2748e-03  1.2686e-03  0.0000e+00  4.2273e-04  1.0164e-03  0.0000e+00  1.0304e-05  0.0000e+00  0.0000e+00  0.0000e+00  0.0000e+00  0.0000e+00  0.0000e+00  0.0000e+00  0.0000e+00  0.0000e+00  0.0000e+00  0.0000e+00  0.0000e+00  0.0000e+00  0.0000e+00  0.0000e+00  0.0000e+00  0.0000e+00
    22  2.6739e-03  3.2207e-03  6.0746e-03  9.1196e-03  7.4599e-03  3.0228e-03  2.0950e-03  1.7489e-03  6.0020e-04  7.2174e-04  9.2878e-04  1.0150e-03  1.4306e-03  1.6173e-03  1.9053e-03  4.1819e-04  3.6287e-04  1.3026e-03  1.4109e-03  0.0000e+00  8.9916e-04  0.0000e+00  0.0000e+00  0.0000e+00  0.0000e+00  0.0000e+00  0.0000e+00  0.0000e+00  0.0000e+00  0.0000e+00  0.0000e+00  0.0000e+00  0.0000e+00  0.0000e+00  0.0000e+00  0.0000e+00  0.0000e+00  0.0000e+00  0.0000e+00  0.0000e+00
    23  3.0085e-03  2.3363e-03  3.2247e-03  6.0139e-03  6.6036e-03  4.8380e-03  2.6197e-03  6.2027e-04  2.5056e-03  9.0796e-04  2.9888e-04  1.1223e-03  7.9648e-05  1.3490e-03  1.9892e-03  1.0827e-03  0.0000e+00  7.6754e-04  4.5598e-04  1.4034e-03  8.9916e-04  0.0000e+00  0.0000e+00  0.0000e+00  0.0000e+00  0.0000e+00  0.0000e+00  0.0000e+00  0.0000e+00  0.0000e+00  0.0000e+00  0.0000e+00  0.0000e+00  0.0000e+00  0.0000e+00  0.0000e+00  0.0000e+00  0.0000e+00  0.0000e+00  0.0000e+00
    24  1.4147e-03  5.8978e-04  1.0833e-03  1.7153e-03  1.0809e-03  1.2910e-03  5.5840e-04  0.0000e+00  0.0000e+00  9.7201e-05  0.0000e+00  0.0000e+00  5.4294e-04  0.0000e+00  0.0000e+00  0.0000e+00  0.0000e+00  0.0000e+00  2.6552e-04  2.1832e-04  9.8013e-04  0.0000e+00  0.0000e+00  0.0000e+00  0.0000e+00  0.0000e+00  0.0000e+00  0.0000e+00  0.0000e+00  0.0000e+00  0.0000e+00  0.0000e+00  0.0000e+00  0.0000e+00  0.0000e+00  0.0000e+00  0.0000e+00  0.0000e+00  0.0000e+00  0.0000e+00
    25  1.8744e-03  1.5043e-03  1.2093e-03  0.0000e+00  3.3028e-04  9.5540e-05  9.1506e-04  0.0000e+00  0.0000e+00  0.0000e+00  0.0000e+00  0.0000e+00  0.0000e+00  0.0000e+00  0.0000e+00  0.0000e+00  0.0000e+00  0.0000e+00  0.0000e+00  0.0000e+00  6.2632e-05  0.0000e+00  0.0000e+00  0.0000e+00  0.0000e+00  0.0000e+00  0.0000e+00  0.0000e+00  0.0000e+00  0.0000e+00  0.0000e+00  0.0000e+00  0.0000e+00  0.0000e+00  0.0000e+00  0.0000e+00  0.0000e+00  0.0000e+00  0.0000e+00  0.0000e+00
    26  0.0000e+00  0.0000e+00  7.8082e-04  9.2003e-04  6.1702e-04  7.1144e-04  0.0000e+00  7.3962e-04  1.2584e-03  0.0000e+00  0.0000e+00  1.6236e-04  0.0000e+00  0.0000e+00  0.0000e+00  0.0000e+00  0.0000e+00  0.0000e+00  0.0000e+00  0.0000e+00  0.0000e+00  0.0000e+00  0.0000e+00  0.0000e+00  0.0000e+00  0.0000e+00  0.0000e+00  0.0000e+00  0.0000e+00  0.0000e+00  0.0000e+00  0.0000e+00  0.0000e+00  0.0000e+00  0.0000e+00  0.0000e+00  0.0000e+00  0.0000e+00  0.0000e+00  0.0000e+00
    27  0.0000e+00  0.0000e+00  0.0000e+00  1.7781e-03  5.1895e-04  9.7736e-04  5.6457e-04  1.4823e-03  2.9101e-04  4.8508e-04  0.0000e+00  0.0000e+00  0.0000e+00  0.0000e+00  0.0000e+00  0.0000e+00  0.0000e+00  0.0000e+00  0.0000e+00  0.0000e+00  0.0000e+00  0.0000e+00  0.0000e+00  0.0000e+00  0.0000e+00  0.0000e+00  0.0000e+00  0.0000e+00  0.0000e+00  0.0000e+00  0.0000e+00  0.0000e+00  0.0000e+00  0.0000e+00  0.0000e+00  0.0000e+00  0.0000e+00  0.0000e+00  0.0000e+00  0.0000e+00
    28  1.8736e-04  6.6878e-04  0.0000e+00  1.9901e-04  1.3631e-03  1.1253e-04  0.0000e+00  8.4174e-04  0.0000e+00  0.0000e+00  0.0000e+00  0.0000e+00  0.0000e+00  0.0000e+00  0.0000e+00  0.0000e+00  0.0000e+00  0.0000e+00  0.0000e+00  0.0000e+00  0.0000e+00  0.0000e+00  0.0000e+00  0.0000e+00  0.0000e+00  0.0000e+00  0.0000e+00  0.0000e+00  0.0000e+00  0.0000e+00  0.0000e+00  0.0000e+00  0.0000e+00  0.0000e+00  0.0000e+00  0.0000e+00  0.0000e+00  0.0000e+00  0.0000e+00  0.0000e+00
    29  0.0000e+00  0.0000e+00  0.0000e+00  0.0000e+00  8.3398e-04  2.2654e-04  0.0000e+00  8.4174e-04  0.0000e+00  3.3805e-04  1.0288e-03  2.0311e-04  0.0000e+00  0.0000e+00  0.0000e+00  0.0000e+00  0.0000e+00  0.0000e+00  0.0000e+00  0.0000e+00  0.0000e+00  0.0000e+00  0.0000e+00  0.0000e+00  0.0000e+00  0.0000e+00  0.0000e+00  0.0000e+00  0.0000e+00  0.0000e+00  0.0000e+00  0.0000e+00  0.0000e+00  0.0000e+00  0.0000e+00  0.0000e+00  0.0000e+00  0.0000e+00  0.0000e+00  0.0000e+00
    30  0.0000e+00  0.0000e+00  0.0000e+00  0.0000e+00  0.0000e+00  0.0000e+00  0.0000e+00  7.2790e-04  0.0000e+00  0.0000e+00  0.0000e+00  0.0000e+00  0.0000e+00  0.0000e+00  0.0000e+00  0.0000e+00  0.0000e+00  0.0000e+00  0.0000e+00  0.0000e+00  0.0000e+00  0.0000e+00  0.0000e+00  0.0000e+00  0.0000e+00  0.0000e+00  0.0000e+00  0.0000e+00  0.0000e+00  0.0000e+00  0.0000e+00  0.0000e+00  0.0000e+00  0.0000e+00  0.0000e+00  0.0000e+00  0.0000e+00  0.0000e+00  0.0000e+00  0.0000e+00
    31  8.4134e-04  0.0000e+00  0.0000e+00  0.0000e+00  0.0000e+00  0.0000e+00  0.0000e+00  0.0000e+00  0.0000e+00  0.0000e+00  0.0000e+00  0.0000e+00  0.0000e+00  0.0000e+00  0.0000e+00  0.0000e+00  0.0000e+00  0.0000e+00  0.0000e+00  0.0000e+00  0.0000e+00  0.0000e+00  0.0000e+00  0.0000e+00  0.0000e+00  0.0000e+00  0.0000e+00  0.0000e+00  0.0000e+00  0.0000e+00  0.0000e+00  0.0000e+00  0.0000e+00  0.0000e+00  0.0000e+00  0.0000e+00  0.0000e+00  0.0000e+00  0.0000e+00  0.0000e+00
    32  5.4860e-05  0.0000e+00  0.0000e+00  0.0000e+00  0.0000e+00  2.1104e-04  0.0000e+00  0.0000e+00  0.0000e+00  0.0000e+00  0.0000e+00  0.0000e+00  0.0000e+00  0.0000e+00  0.0000e+00  0.0000e+00  0.0000e+00  0.0000e+00  0.0000e+00  0.0000e+00  0.0000e+00  0.0000e+00  0.0000e+00  0.0000e+00  0.0000e+00  0.0000e+00  0.0000e+00  0.0000e+00  0.0000e+00  0.0000e+00  0.0000e+00  0.0000e+00  0.0000e+00  0.0000e+00  0.0000e+00  0.0000e+00  0.0000e+00  0.0000e+00  0.0000e+00  0.0000e+00
    33  0.0000e+00  0.0000e+00  0.0000e+00  0.0000e+00  0.0000e+00  4.7862e-04  0.0000e+00  0.0000e+00  0.0000e+00  0.0000e+00  0.0000e+00  0.0000e+00  0.0000e+00  0.0000e+00  0.0000e+00  0.0000e+00  0.0000e+00  0.0000e+00  0.0000e+00  0.0000e+00  0.0000e+00  0.0000e+00  0.0000e+00  0.0000e+00  0.0000e+00  0.0000e+00  0.0000e+00  0.0000e+00  0.0000e+00  0.0000e+00  0.0000e+00  0.0000e+00  0.0000e+00  0.0000e+00  0.0000e+00  0.0000e+00  0.0000e+00  0.0000e+00  0.0000e+00  0.0000e+00
    34  0.0000e+00  0.0000e+00  0.0000e+00  0.0000e+00  0.0000e+00  5.5733e-05  0.0000e+00  0.0000e+00  0.0000e+00  0.0000e+00  0.0000e+00  0.0000e+00  0.0000e+00  0.0000e+00  0.0000e+00  0.0000e+00  0.0000e+00  0.0000e+00  0.0000e+00  0.0000e+00  0.0000e+00  0.0000e+00  0.0000e+00  0.0000e+00  0.0000e+00  0.0000e+00  0.0000e+00  0.0000e+00  0.0000e+00  0.0000e+00  0.0000e+00  0.0000e+00  0.0000e+00  0.0000e+00  0.0000e+00  0.0000e+00  0.0000e+00  0.0000e+00  0.0000e+00  0.0000e+00
    35  0.0000e+00  0.0000e+00  0.0000e+00  0.0000e+00  0.0000e+00  1.9951e-04  0.0000e+00  0.0000e+00  0.0000e+00  0.0000e+00  0.0000e+00  0.0000e+00  0.0000e+00  0.0000e+00  0.0000e+00  0.0000e+00  0.0000e+00  0.0000e+00  0.0000e+00  0.0000e+00  0.0000e+00  0.0000e+00  0.0000e+00  0.0000e+00  0.0000e+00  0.0000e+00  0.0000e+00  0.0000e+00  0.0000e+00  0.0000e+00  0.0000e+00  0.0000e+00  0.0000e+00  0.0000e+00  0.0000e+00  0.0000e+00  0.0000e+00  0.0000e+00  0.0000e+00  0.0000e+00
    36  0.0000e+00  0.0000e+00  0.0000e+00  0.0000e+00  0.0000e+00  0.0000e+00  0.0000e+00  0.0000e+00  0.0000e+00  0.0000e+00  0.0000e+00  0.0000e+00  0.0000e+00  0.0000e+00  0.0000e+00  0.0000e+00  0.0000e+00  0.0000e+00  0.0000e+00  0.0000e+00  0.0000e+00  0.0000e+00  0.0000e+00  0.0000e+00  0.0000e+00  0.0000e+00  0.0000e+00  0.0000e+00  0.0000e+00  0.0000e+00  0.0000e+00  0.0000e+00  0.0000e+00  0.0000e+00  0.0000e+00  0.0000e+00  0.0000e+00  0.0000e+00  0.0000e+00  0.0000e+00
    37  0.0000e+00  0.0000e+00  0.0000e+00  7.9603e-04  0.0000e+00  0.0000e+00  0.0000e+00  0.0000e+00  0.0000e+00  0.0000e+00  0.0000e+00  0.0000e+00  0.0000e+00  0.0000e+00  0.0000e+00  0.0000e+00  0.0000e+00  0.0000e+00  0.0000e+00  0.0000e+00  0.0000e+00  1.4408e-04  1.2441e-04  0.0000e+00  0.0000e+00  0.0000e+00  0.0000e+00  0.0000e+00  0.0000e+00  0.0000e+00  0.0000e+00  0.0000e+00  0.0000e+00  0.0000e+00  0.0000e+00  0.0000e+00  0.0000e+00  0.0000e+00  0.0000e+00  0.0000e+00
    38  0.0000e+00  0.0000e+00  0.0000e+00  3.9225e-04  4.0286e-04  0.0000e+00  0.0000e+00  0.0000e+00  0.0000e+00  0.0000e+00  0.0000e+00  0.0000e+00  0.0000e+00  0.0000e+00  0.0000e+00  0.0000e+00  0.0000e+00  0.0000e+00  0.0000e+00  0.0000e+00  0.0000e+00  0.0000e+00  0.0000e+00  0.0000e+00  0.0000e+00  0.0000e+00  0.0000e+00  0.0000e+00  0.0000e+00  0.0000e+00  0.0000e+00  0.0000e+00  0.0000e+00  0.0000e+00  0.0000e+00  0.0000e+00  0.0000e+00  0.0000e+00  0.0000e+00  0.0000e+00
    39  0.0000e+00  0.0000e+00  0.0000e+00  0.0000e+00  0.0000e+00  0.0000e+00  0.0000e+00  0.0000e+00  0.0000e+00  0.0000e+00  0.0000e+00  0.0000e+00  0.0000e+00  0.0000e+00  0.0000e+00  0.0000e+00  0.0000e+00  0.0000e+00  0.0000e+00  0.0000e+00  0.0000e+00  0.0000e+00  0.0000e+00  0.0000e+00  0.0000e+00  0.0000e+00  0.0000e+00  0.0000e+00  0.0000e+00  0.0000e+00  0.0000e+00  0.0000e+00  0.0000e+00  0.0000e+00  0.0000e+00  0.0000e+00  0.0000e+00  0.0000e+00  0.0000e+00  0.0000e+00
    40  0.0000e+00  0.0000e+00  0.0000e+00  0.0000e+00  0.0000e+00  0.0000e+00  0.0000e+00  0.0000e+00  0.0000e+00  0.0000e+00  0.0000e+00  0.0000e+00  0.0000e+00  0.0000e+00  0.0000e+00  0.0000e+00  0.0000e+00  0.0000e+00  0.0000e+00  0.0000e+00  0.0000e+00  0.0000e+00  0.0000e+00  0.0000e+00  0.0000e+00  0.0000e+00  0.0000e+00  0.0000e+00  0.0000e+00  0.0000e+00  0.0000e+00  0.0000e+00  0.0000e+00  0.0000e+00  0.0000e+00  0.0000e+00  0.0000e+00  0.0000e+00  0.0000e+00  0.0000e+00
