 iy/ix           1           2           3           4           5           6           7           8           9          10          11          12          13          14          15          16          17          18          19          20          21          22          23          24          25          26          27          28          29          30          31          32          33          34          35          36          37          38          39          40
     1  1.0158e+00  9.8568e-01  1.0020e+00  1.0053e+00  1.0301e+00  9.8295e-01  9.7044e-01  9.0575e-01  8.4043e-01  7.6966e-01  5.7343e-01  3.6375e-01  2.2690e-01  1.6647e-01  1.3616e-01  8.3420e-02  5.5478e-02  4.1131e-02  3.1518e-02  2.6790e-02  6.1028e-03  1.4642e-03  4.2120e-04  0.0000e+00  0.0000e+00  0.0000e+00  0.0000e+00  0.0000e+00  0.0000e+00  0.0000e+00  0.0000e+00  0.0000e+00  0.0000e+00  0.0000e+00  0.0000e+00  0.0000e+00  0.0000e+00  0.0000e+00  0.0000e+00  0.0000e+00
     2  9.9291e-01  9.5206e-01  9.8618e-01  1.0132e+00  9.4589e-01  9.1558e-01  9.1387e-01  8.6767e-01  8.4532e-01  7.5263e-01  5.4843e-01  3.7632e-01  2.7981e-01  1.7003e-01  1.1901e-01  7.1034e-02  6.2805e-02  3.5563e-02  3.1934e-02  1.8546e-02  4.1938e-03  5.4191e-04  2.5329e-04  3.8983e-05  0.0000e+00  0.0000e+00  0.0000e+00  0.0000e+00  0.0000e+00  0.0000e+00  0.0000e+00  0.0000e+00  0.0000e+00  0.0000e+00  0.0000e+00  0.0000e+00  0.0000e+00  0.0000e+00  0.0000e+00  0.0000e+00
     3  9.6332e-01  9.7321e-01  1.0004e+00  9.7672e-01  9.0252e-01  9.1074e-01  8.6220e-01  9.2487e-01  8.8257e-01  7.8501e-01  5.5551e-01  3.5275e-01  2.3025e-01  1.6652e-01  9.7908e-02  6.9200e-02  5.0547e-02  2.9484e-02  3.1584e-02  1.8660e-02  6.7756e-03  2.7172e-04  0.0000e+00  0.0000e+00  0.0000e+00  0.0000e+00  0.0000e+00  0.0000e+00  0.0000e+00  0.0000e+00  0.0000e+00  0.0000e+00  0.0000e+00  0.0000e+00  0.0000e+00  0.0000e+00  0.0000e+00  0.0000e+00  0.0000e+00  0.0000e+00
     4  9.6754e-01  9.7185e-01  1.0042e+00  1.0023e+00  9.5974e-01  8.6626e-01  8.8703e-01  9.0457e-01  8.2596e-01  7.5287e-01  5.2080e-01  3.4349e-01  2.3946e-01  1.7341e-01  1.1458e-01  7.7865e-02  5.5887e-02  3.6782e-02  2.9982e-02  1.4858e-02  5.0529e-03  3.9586e-04  0.0000e+00  0.0000e+00  0.0000e+00  0.0000e+00  0.0000e+00  0.0000e+00  0.0000e+00  0.0000e+00  0.0000e+00  0.0000e+00  0.0000e+00  0.0000e+00  0.0000e+00  0.0000e+00  0.0000e+00  0.0000e+00  0.0000e+00  0.0000e+00
     5  9.2618e-01  9.2140e-01  9.3499e-01  9.5610e-01  9.0914e-01  8.9860e-01  8.4870e-01  8.5163e-01  7.4177e-01  7.0848e-01  5.1208e-01  3.5817e-01  2.2144e-01  1.5768e-01  9.2131e-02  6.8799e-02  4.3560e-02  3.1332e-02  2.4144e-02  1.6986e-02  3.3351e-03  1.6500e-03  0.0000e+00  0.0000e+00  0.0000e+00  0.0000e+00  0.0000e+00  0.0000e+00  0.0000e+00  0.0000e+00  0.0000e+00  0.0000e+00  0.0000e+00  0.0000e+00  0.0000e+00  0.0000e+00  0.0000e+00  0.0000e+00  0.0000e+00  0.0000e+00
     6  8.6835e-01  8.7206e-01  9.0910e-01  9.3463e-01  9.0468e-01  8.4413e-01  7.6712e-01  8.0902e-01  7.7248e-01  6.9137e-01  4.9255e-01  2.9002e-01  2.1194e-01  1.3906e-01  7.6574e-02  5.9186e-02  4.9127e-02  3.1687e-02  3.0485e-02  2.0714e-02  8.4462e-03  1.0819e-03  0.0000e+00  0.0000e+00  0.0000e+00  0.0000e+00  0.0000e+00  0.0000e+00  0.0000e+00  0.0000e+00  0.0000e+00  0.0000e+00  0.0000e+00  0.0000e+00  0.0000e+00  0.0000e+00  0.0000e+00  0.0000e+00  0.0000e+00  0.0000e+00
     7  8.5761e-01  8.5727e-01  8.5237e-01  8.6099e-01  8.3433e-01  7.8891e-01  7.7580e-01  7.7996e-01  7.4901e-01  6.2579e-01  4.2990e-01  3.0769e-01  1.9672e-01  1.3669e-01  8.0157e-02  5.2473e-02  4.6528e-02  3.2644e-02  2.1355e-02  2.2783e-02  8.2866e-03  5.3362e-04  8.2093e-05  0.0000e+00  0.0000e+00  0.0000e+00  0.0000e+00  0.0000e+00  0.0000e+00  0.0000e+00  0.0000e+00  0.0000e+00  0.0000e+00  0.0000e+00  0.0000e+00  0.0000e+00  0.0000e+00  0.0000e+00  0.0000e+00  0.0000e+00
     8  7.9426e-01  7.8708e-01  7.3977e-01  7.8321e-01  7.5592e-01  6.8850e-01  6.8579e-01  6.5941e-01  6.4765e-01  5.5143e-01  3.7420e-01  2.5985e-01  1.7944e-01  1.0278e-01  6.6537e-02  5.4810e-02  3.6846e-02  2.5946e-02  1.4362e-02  1.0811e-02  3.6519e-03  2.2680e-03  7.6060e-04  0.0000e+00  0.0000e+00  0.0000e+00  0.0000e+00  0.0000e+00  0.0000e+00  0.0000e+00  0.0000e+00  0.0000e+00  0.0000e+00  0.0000e+00  0.0000e+00  0.0000e+00  0.0000e+00  0.0000e+00  0.0000e+00  0.0000e+00
     9  6.3310e-01  6.4179e-01  6.3834e-01  6.3731e-01  6.1492e-01  6.2412e-01  6.3576e-01  5.7739e-01  5.6447e-01  4.7865e-01  3.2882e-01  2.0358e-01  1.2557e-01  9.8676e-02  5.9669e-02  4.0272e-02  3.0859e-02  2.1281e-02  1.4705e-02  6.2431e-03  2.9534e-03  1.6989e-03  0.0000e+00  0.0000e+00  0.0000e+00  0.0000e+00  0.0000e+00  0.0000e+00  0.0000e+00  0.0000e+00  0.0000e+00  0.0000e+00  0.0000e+00  0.0000e+00  0.0000e+00  0.0000e+00  0.0000e+00  0.0000e+00  0.0000e+00  0.0000e+00
    10  4.3044e-01  4.5516e-01  4.4700e-01  4.4532e-01  4.2962e-01  4.2487e-01  3.8825e-01  4.0746e-01  3.7915e-01  3.1769e-01  2.2987e-01  1.4226e-01  9.7314e-02  7.1250e-02  4.1650e-02  3.0451e-02  2.4222e-02  2.3833e-02  1.1484e-02  8.6961e-03  5.2211e-03  4.5823e-04  0.0000e+00  0.0000e+00  0.0000e+00  0.0000e+00  0.0000e+00  0.0000e+00  0.0000e+00  0.0000e+00  0.0000e+00  0.0000e+00  0.0000e+00  0.0000e+00  0.0000e+00  0.0000e+00  0.0000e+00  0.0000e+00  0.0000e+00  0.0000e+00
    11  2.3687e-01  2.3888e-01  2.3143e-01  2.6466e-01  2.3322e-01  2.0040e-01  1.8401e-01  1.7684e-01  1.6234e-01  1.4370e-01  1.2233e-01  9.1724e-02  6.9841e-02  4.7206e-02  3.4100e-02  2.4124e-02  1.5919e-02  1.0331e-02  7.6513e-03  7.1504e-03  8.3019e-04  1.0845e-03  6.6237e-05  0.0000e+00  0.0000e+00  0.0000e+00  0.0000e+00  0.0000e+00  0.0000e+00  0.0000e+00  0.0000e+00  0.0000e+00  0.0000e+00  0.0000e+00  0.0000e+00  0.0000e+00  0.0000e+00  0.0000e+00  0.0000e+00  0.0000e+00
    12  1.5678e-01  1.5465e-01  1.7189e-01  1.8174e-01  1.5461e-01  1.4811e-01  1.3351e-01  1.3368e-01  1.0982e-01  1.0248e-01  9.8972e-02  6.1734e-02  6.0883e-02  3.9349e-02  1.8416e-02  1.4761e-02  1.6474e-02  1.1609e-02  9.0457e-03  4.3645e-03  2.1473e-03  9.2506e-04  0.0000e+00  0.0000e+00  0.0000e+00  0.0000e+00  0.0000e+00  0.0000e+00  0.0000e+00  0.0000e+00  0.0000e+00  0.0000e+00  0.0000e+00  0.0000e+00  0.0000e+00  0.0000e+00  0.0000e+00  0.0000e+00  0.0000e+00  0.0000e+00
    13  1.1014e-01  1.2074e-01  1.1685e-01  1.1267e-01  1.2437e-01  1.1216e-01  9.6317e-02  1.0133e-01  8.1375e-02  7.3998e-02  6.1573e-02  5.2094e-02  3.4377e-02  2.7742e-02  1.5251e-02  2.1354e-02  2.0902e-02  1.3614e-02  8.7699e-03  2.1576e-03  1.8007e-03  1.8692e-05  0.0000e+00  0.0000e+00  0.0000e+00  0.0000e+00  0.0000e+00  0.0000e+00  0.0000e+00  0.0000e+00  0.0000e+00  0.0000e+00  0.0000e+00  0.0000e+00  0.0000e+00  0.0000e+00  0.0000e+00  0.0000e+00  0.0000e+00  0.0000e+00
    14  7.6162e-02  7.2783e-02  7.8929e-02  7.6146e-02  6.9499e-02  7.2759e-02  6.9509e-02  4.8028e-02  4.9267e-02  4.5142e-02  3.5842e-02  2.9141e-02  2.1966e-02  2.6478e-02  1.8263e-02  1.3060e-02  1.1108e-02  5.7958e-03  1.6930e-03  2.4373e-03  2.6166e-03  4.6586e-04  0.0000e+00  0.0000e+00  0.0000e+00  0.0000e+00  0.0000e+00  0.0000e+00  0.0000e+00  0.0000e+00  0.0000e+00  0.0000e+00  0.0000e+00  0.0000e+00  0.0000e+00  0.0000e+00  0.0000e+00  0.0000e+00  0.0000e+00  0.0000e+00
    15  5.2642e-02  4.9362e-02  4.5682e-02  4.0493e-02  3.4096e-02  3.7937e-02  4.2275e-02  3.0998e-02  2.9595e-02  3.3676e-02  2.2665e-02  2.5885e-02  1.7085e-02  9.9683e-03  1.3749e-02  9.0356e-03  6.5433e-03  3.1956e-03  3.4175e-03  1.9467e-03  9.8551e-04  3.2546e-04  0.0000e+00  0.0000e+00  0.0000e+00  0.0000e+00  0.0000e+00  0.0000e+00  0.0000e+00  0.0000e+00  0.0000e+00  0.0000e+00  0.0000e+00  0.0000e+00  0.0000e+00  0.0000e+00  0.0000e+00  0.0000e+00  0.0000e+00  0.0000e+00
    16  3.6509e-02  3.2467e-02  2.2937e-02  1.8626e-02  2.5226e-02  2.7600e-02  2.7547e-02  2.6931e-02  2.2680e-02  1.8817e-02  2.4838e-02  2.3652e-02  1.1268e-02  1.1252e-02  6.7863e-03  4.5308e-03  5.7999e-03  5.4036e-03  7.0729e-03  1.7300e-03  1.9062e-03  5.6974e-04  0.0000e+00  0.0000e+00  0.0000e+00  0.0000e+00  0.0000e+00  0.0000e+00  0.0000e+00  0.0000e+00  0.0000e+00  0.0000e+00  0.0000e+00  0.0000e+00  0.0000e+00  0.0000e+00  0.0000e+00  0.0000e+00  0.0000e+00  0.0000e+00
    17  1.9863e-02  1.7509e-02  1.9896e-02  1.9471e-02  2.1507e-02  1.9595e-02  1.2784e-02  1.4435e-02  1.6255e-02  1.9838e-02  1.4760e-02  1.1629e-02  9.2461e-03  7.9998e-03  4.6307e-03  7.3348e-03  1.9508e-03  1.2822e-04  3.7256e-03  7.7456e-04  6.9420e-04  0.0000e+00  0.0000e+00  0.0000e+00  0.0000e+00  0.0000e+00  0.0000e+00  0.0000e+00  0.0000e+00  0.0000e+00  0.0000e+00  0.0000e+00  0.0000e+00  0.0000e+00  0.0000e+00  0.0000e+00  0.0000e+00  0.0000e+00  0.0000e+00  0.0000e+00
    18  1.6749e-02  1.8864e-02  2.1319e-02  1.3700e-02  1.5533e-02  1.4482e-02  1.6118e-02  9.7831e-03  1.4325e-02  1.1550e-02  1.0205e-02  1.1289e-02  4.9057e-03  3.5407e-03  5.0112e-03  2.1517e-03  1.1785e-03  2.8746e-03  8.1896e-04  7.7433e-04  3.1469e-04  0.0000e+00  0.0000e+00  0.0000e+00  0.0000e+00  0.0000e+00  0.0000e+00  0.0000e+00  0.0000e+00  0.0000e+00  0.0000e+00  0.0000e+00  0.0000e+00  0.0000e+00  0.0000e+00  0.0000e+00  0.0000e+00  0.0000e+00  0.0000e+00  0.0000e+00
    19  1.2648e-02  2.0292e-02  6.9614e-03  8.6807e-03  1.0508e-02  1.1911e-02  1.1335e-02  9.2125e-03  9.7412e-03  6.8111e-03  7.1455e-03  7.5157e-03  5.4348e-03  2.6149e-03  3.8269e-03  3.0818e-03  3.4073e-03  1.7306e-03  4.6448e-04  0.0000e+00  2.4406e-09  0.0000e+00  0.0000e+00  0.0000e+00  0.0000e+00  0.0000e+00  0.0000e+00  0.0000e+00  0.0000e+00  0.0000e+00  0.0000e+00  0.0000e+00  0.0000e+00  0.0000e+00  0.0000e+00  0.0000e+00  0.0000e+00  0.0000e+00  0.0000e+00  0.0000e+00
    20  8.7353e-03  4.9258e-03  2.5488e-03  5.9485e-03  9.8766e-03  5.1241e-03  3.9061e-03  3.8126e-03  4.8880e-03  3.8203e-03  2.8247e-03  2.4195e-03  4.8608e-03  5.2233e-03  2.0620e-03  5.3918e-04  9.2041e-04  4.9948e-04  0.0000e+00  1.2027e-03  5.3126e-04  0.0000e+00  0.0000e+00  0.0000e+00  0.0000e+00  0.0000e+00  0.0000e+00  0.0000e+00  0.0000e+00  0.0000e+00  0.0000e+00  0.0000e+00  0.0000e+00  0.0000e+00  0.0000e+00  0.0000e+00  0.0000e+00  0.0000e+00  0.0000e+00  0.0000e+00
    21  3.4653e-03  1.8599e-03  3.1944e-03  5.3507e-03  6.3684e-03  1.0795e-02  5.7744e-03  3.8853e-03  3.4819e-03  3.2651e-03  3.5880e-03  1.2191e-03  1.0929e-03  3.6287e-05  8.7469e-04  4.9089e-04  3.8685e-04  9.2389e-04  1.7972e-03  1.7047e-03  1.2358e-03  9.2389e-04  6.6755e-04  0.0000e+00  0.0000e+00  0.0000e+00  0.0000e+00  0.0000e+00  0.0000e+00  0.0000e+00  0.0000e+00  0.0000e+00  0.0000e+00  0.0000e+00  0.0000e+00  0.0000e+00  0.0000e+00  0.0000e+00  0.0000e+00  0.0000e+00
    22  1.5220e-03  2.3047e-03  3.0980e-03  5.6261e-03  2.5052e-03  1.2868e-03  2.9077e-03  2.4824e-03  3.7738e-03  1.4907e-03  2.5456e-03  4.7414e-04  1.9556e-03  1.1523e-03  1.7542e-03  2.8714e-03  2.4256e-03  9.8753e-04  1.2505e-03  5.5708e-04  0.0000e+00  0.0000e+00  0.0000e+00  0.0000e+00  0.0000e+00  0.0000e+00  0.0000e+00  0.0000e+00  0.0000e+00  0.0000e+00  0.0000e+00  0.0000e+00  0.0000e+00  0.0000e+00  0.0000e+00  0.0000e+00  0.0000e+00  0.0000e+00  0.0000e+00  0.0000e+00
    23  2.4437e-03  4.6822e-03  3.0423e-03  4.1481e-04  6.3854e-04  2.9733e-04  1.0616e-03  4.5698e-03  2.1511e-03  0.0000e+00  1.3385e-03  1.3660e-04  0.0000e+00  0.0000e+00  1.1237e-03  1.2352e-04  3.7939e-04  2.4264e-04  0.0000e+00  0.0000e+00  0.0000e+00  0.0000e+00  0.0000e+00  0.0000e+00  0.0000e+00  0.0000e+00  0.0000e+00  0.0000e+00  0.0000e+00  0.0000e+00  0.0000e+00  0.0000e+00  0.0000e+00  0.0000e+00  0.0000e+00  0.0000e+00  0.0000e+00  0.0000e+00  0.0000e+00  0.0000e+00
    24  5.9534e-04  2.8453e-03  1.4913e-03  2.7528e-03  8.8724e-04  3.3750e-04  2.1337e-03  2.8589e-03  2.9276e-04  1.0037e-03  2.4018e-04  0.0000e+00  8.9872e-05  1.8321e-03  1.5101e-03  0.0000e+00  0.0000e+00  0.0000e+00  0.0000e+00  0.0000e+00  0.0000e+00  0.0000e+00  0.0000e+00  0.0000e+00  0.0000e+00  0.0000e+00  0.0000e+00  0.0000e+00  0.0000e+00  0.0000e+00  0.0000e+00  0.0000e+00  0.0000e+00  0.0000e+00  0.0000e+00  0.0000e+00  0.0000e+00  0.0000e+00  0.0000e+00  0.0000e+00
    25  6.1987e-04  2.7490e-03  8.2669e-04  6.6502e-04  0.0000e+00  5.5623e-04  2.5331e-03  6.0023e-04  9.0015e-04  3.4377e-04  0.0000e+00  0.0000e+00  5.2935e-04  2.8737e-04  1.4153e-04  0.0000e+00  0.0000e+00  0.0000e+00  0.0000e+00  0.0000e+00  0.0000e+00  0.0000e+00  0.0000e+00  0.0000e+00  0.0000e+00  0.0000e+00  0.0000e+00  0.0000e+00  0.0000e+00  0.0000e+00  0.0000e+00  0.0000e+00  0.0000e+00  0.0000e+00  0.0000e+00  0.0000e+00  0.0000e+00  0.0000e+00  0.0000e+00  0.0000e+00
    26  5.4448e-04  4.8829e-04  4.1184e-04  7.5915e-04  1.2505e-03  6.0834e-04  1.4068e-03  2.3768e-04  4.4735e-04  0.0000e+00  2.8959e-04  1.0548e-04  8.7317e-04  0.0000e+00  0.0000e+00  0.0000e+00  0.0000e+00  0.0000e+00  0.0000e+00  0.0000e+00  0.0000e+00  0.0000e+00  0.0000e+00  0.0000e+00  0.0000e+00  0.0000e+00  0.0000e+00  0.0000e+00  0.0000e+00  0.0000e+00  0.0000e+00  0.0000e+00  0.0000e+00  0.0000e+00  0.0000e+00  0.0000e+00  0.0000e+00  0.0000e+00  0.0000e+00  0.0000e+00
    27  3.4508e-04  4.4258e-04  6.7178e-04  1.0006e-03  3.4911e-05  1.1428e-03  0.0000e+00  0.0000e+00  0.0000e+00  0.0000e+00  4.5754e-04  1.5474e-03  0.0000e+00  0.0000e+00  0.0000e+00  0.0000e+00  0.0000e+00  0.0000e+00  0.0000e+00  0.0000e+00  0.0000e+00  0.0000e+00  0.0000e+00  0.0000e+00  0.0000e+00  0.0000e+00  0.0000e+00  0.0000e+00  0.0000e+00  0.0000e+00  0.0000e+00  0.0000e+00  0.0000e+00  0.0000e+00  0.0000e+00  0.0000e+00  0.0000e+00  0.0000e+00  0.0000e+00  0.0000e+00
    28  2.7682e-04  2.8742e-03  1.9061e-03  1.5247e-03  1.0907e-03  1.0674e-04  0.0000e+00  0.0000e+00  0.0000e+00  0.0000e+00  0.0000e+00  8.1856e-04  0.0000e+00  0.0000e+00  0.0000e+00  0.0000e+00  0.0000e+00  0.0000e+00  0.0000e+00  0.0000e+00  0.0000e+00  0.0000e+00  0.0000e+00  0.0000e+00  0.0000e+00  0.0000e+00  0.0000e+00  0.0000e+00  0.0000e+00  0.0000e+00  0.0000e+00  0.0000e+00  0.0000e+00  0.0000e+00  0.0000e+00  0.0000e+00  0.0000e+00  0.0000e+00  0.0000e+00  0.0000e+00
    29  0.0000e+00  0.0000e+00  2.8953e-04  1.8286e-03  0.0000e+00  0.0000e+00  0.0000e+00  0.0000e+00  0.0000e+00  0.0000e+00  0.0000e+00  0.0000e+00  0.0000e+00  0.0000e+00  0.0000e+00  0.0000e+00  0.0000e+00  0.0000e+00  0.0000e+00  0.0000e+00  0.0000e+00  0.0000e+00  0.0000e+00  0.0000e+00  0.0000e+00  0.0000e+00  0.0000e+00  0.0000e+00  0.0000e+00  0.0000e+00  0.0000e+00  0.0000e+00  0.0000e+00  0.0000e+00  0.0000e+00  0.0000e+00  0.0000e+00  0.0000e+00  0.0000e+00  0.0000e+00
    30  0.0000e+00  0.0000e+00  4.3470e-04  0.0000e+00  0.0000e+00  0.0000e+00  0.0000e+00  0.0000e+00  0.0000e+00  0.0000e+00  0.0000e+00  0.0000e+00  0.0000e+00  0.0000e+00  0.0000e+00  0.0000e+00  0.0000e+00  0.0000e+00  0.0000e+00  0.0000e+00  0.0000e+00  0.0000e+00  0.0000e+00  0.0000e+00  0.0000e+00  0.0000e+00  0.0000e+00  0.0000e+00  0.0000e+00  0.0000e+00  0.0000e+00  0.0000e+00  0.0000e+00  0.0000e+00  0.0000e+00  0.0000e+00  0.0000e+00  0.0000e+00  0.0000e+00  0.0000e+00
    31  0.0000e+00  0.0000e+00  0.0000e+00  0.0000e+00  0.0000e+00  0.0000e+00  0.0000e+00  7.3404e-04  0.0000e+00  0.0000e+00  0.0000e+00  0.0000e+00  0.0000e+00  0.0000e+00  0.0000e+00  0.0000e+00  0.0000e+00  0.0000e+00  0.0000e+00  0.0000e+00  0.0000e+00  0.0000e+00  0.0000e+00  0.0000e+00  0.0000e+00  0.0000e+00  0.0000e+00  0.0000e+00  0.0000e+00  0.0000e+00  0.0000e+00  0.0000e+00  0.0000e+00  0.0000e+00  0.0000e+00  0.0000e+00  0.0000e+00  0.0000e+00  0.0000e+00  0.0000e+00
    32  0.0000e+00  0.0000e+00  0.0000e+00  0.0000e+00  0.0000e+00  0.0000e+00  0.0000e+00  0.0000e+00  0.0000e+00  0.0000e+00  0.0000e+00  0.0000e+00  0.0000e+00  0.0000e+00  0.0000e+00  0.0000e+00  0.0000e+00  0.0000e+00  0.0000e+00  0.0000e+00  0.0000e+00  0.0000e+00  0.0000e+00  0.0000e+00  0.0000e+00  0.0000e+00  0.0000e+00  0.0000e+00  0.0000e+00  0.0000e+00  0.0000e+00  0.0000e+00  0.0000e+00  0.0000e+00  0.0000e+00  0.0000e+00  0.0000e+00  0.0000e+00  0.0000e+00  0.0000e+00
    33  0.0000e+00  0.0000e+00  0.0000e+00  0.0000e+00  0.0000e+00  0.0000e+00  0.0000e+00  0.0000e+00  0.0000e+00  0.0000e+00  0.0000e+00  0.0000e+00  0.0000e+00  0.0000e+00  0.0000e+00  0.0000e+00  0.0000e+00  0.0000e+00  0.0000e+00  0.0000e+00  0.0000e+00  0.0000e+00  0.0000e+00  0.0000e+00  0.0000e+00  0.0000e+00  0.0000e+00  0.0000e+00  0.0000e+00  0.0000e+00  0.0000e+00  0.0000e+00  0.0000e+00  0.0000e+00  0.0000e+00  0.0000e+00  0.0000e+00  0.0000e+00  0.0000e+00  0.0000e+00
    34  0.0000e+00  0.0000e+00  0.0000e+00  0.0000e+00  0.0000e+00  0.0000e+00  0.0000e+00  0.0000e+00  0.0000e+00  0.0000e+00  0.0000e+00  0.0000e+00  0.0000e+00  0.0000e+00  0.0000e+00  0.0000e+00  0.0000e+00  0.0000e+00  0.0000e+00  0.0000e+00  0.0000e+00  0.0000e+00  0.0000e+00  0.0000e+00  0.0000e+00  0.0000e+00  0.0000e+00  0.0000e+00  0.0000e+00  0.0000e+00  0.0000e+00  0.0000e+00  0.0000e+00  0.0000e+00  0.0000e+00  0.0000e+00  0.0000e+00  0.0000e+00  0.0000e+00  0.0000e+00
    35  0.0000e+00  0.0000e+00  0.0000e+00  0.0000e+00  0.0000e+00  0.0000e+00  0.0000e+00  0.0000e+00  0.0000e+00  0.0000e+00  0.0000e+00  0.0000e+00  0.0000e+00  0.0000e+00  0.0000e+00  0.0000e+00  0.0000e+00  0.0000e+00  0.0000e+00  0.0000e+00  0.0000e+00  0.0000e+00  0.0000e+00  0.0000e+00  0.0000e+00  0.0000e+00  0.0000e+00  0.0000e+00  0.0000e+00  0.0000e+00  0.0000e+00  0.0000e+00  0.0000e+00  0.0000e+00  0.0000e+00  0.0000e+00  0.0000e+00  0.0000e+00  0.0000e+00  0.0000e+00
    36  0.0000e+00  0.0000e+00  0.0000e+00  0.0000e+00  5.4036e-04  3.6720e-04  0.0000e+00  0.0000e+00  0.0000e+00  0.0000e+00  0.0000e+00  0.0000e+00  0.0000e+00  0.0000e+00  0.0000e+00  0.0000e+00  0.0000e+00  0.0000e+00  0.0000e+00  0.0000e+00  0.0000e+00  0.0000e+00  0.0000e+00  0.0000e+00  0.0000e+00  0.0000e+00  0.0000e+00  0.0000e+00  0.0000e+00  0.0000e+00  0.0000e+00  0.0000e+00  0.0000e+00  0.0000e+00  0.0000e+00  0.0000e+00  0.0000e+00  0.0000e+00  0.0000e+00  0.0000e+00
    37  0.0000e+00  0.0000e+00  5.4234e-05  1.6100e-03  1.9891e-04  0.0000e+00  0.0000e+00  0.0000e+00  0.0000e+00  0.0000e+00  0.0000e+00  0.0000e+00  0.0000e+00  0.0000e+00  0.0000e+00  0.0000e+00  0.0000e+00  0.0000e+00  0.0000e+00  0.0000e+00  0.0000e+00  0.0000e+00  0.0000e+00  0.0000e+00  0.0000e+00  0.0000e+00  0.0000e+00  0.0000e+00  0.0000e+00  0.0000e+00  0.0000e+00  0.0000e+00  0.0000e+00  0.0000e+00  0.0000e+00  0.0000e+00  0.0000e+00  0.0000e+00  0.0000e+00  0.0000e+00
    38  0.0000e+00  0.0000e+00  0.0000e+00  0.0000e+00  0.0000e+00  0.0000e+00  0.0000e+00  0.0000e+00  0.0000e+00  0.0000e+00  0.0000e+00  0.0000e+00  0.0000e+00  0.0000e+00  0.0000e+00  0.0000e+00  0.0000e+00  0.0000e+00  0.0000e+00  0.0000e+00  0.0000e+00  0.0000e+00  0.0000e+00  0.0000e+00  0.0000e+00  0.0000e+00  0.0000e+00  0.0000e+00  0.0000e+00  0.0000e+00  0.0000e+00  0.0000e+00  0.0000e+00  0.0000e+00  0.0000e+00  0.0000e+00  0.0000e+00  0.0000e+00  0.0000e+00  0.0000e+00
    39  0.0000e+00  0.0000e+00  0.0000e+00  0.0000e+00  0.0000e+00  0.0000e+00  0.0000e+00  0.0000e+00  0.0000e+00  0.0000e+00  0.0000e+00  0.0000e+00  0.0000e+00  0.0000e+00  0.0000e+00  0.0000e+00  0.0000e+00  0.0000e+00  0.0000e+00  0.0000e+00  0.0000e+00  0.0000e+00  0.0000e+00  0.0000e+00  0.0000e+00  0.0000e+00  0.0000e+00  0.0000e+00  0.0000e+00  0.0000e+00  0.0000e+00  0.0000e+00  0.0000e+00  0.0000e+00  0.0000e+00  0.0000e+00  0.0000e+00  0.0000e+00  0.0000e+00  0.0000e+00
    40  0.0000e+00  0.0000e+00  0.0000e+00  0.0000e+00  0.0000e+00  0.0000e+00  0.0000e+00  0.0000e+00  0.0000e+00  0.0000e+00  0.0000e+00  0.0000e+00  0.0000e+00  0.0000e+00  0.0000e+00  0.0000e+00  0.0000e+00  0.0000e+00  0.0000e+00  0.0000e+00  0.0000e+00  0.0000e+00  0.0000e+00  0.0000e+00  0.0000e+00  0.0000e+00  0.0000e+00  0.0000e+00  0.0000e+00  0.0000e+00  0.0000e+00  0.0000e+00  0.0000e+00  0.0000e+00  0.0000e+00  0.0000e+00  0.0000e+00  0.0000e+00  0.0000e+00  0.0000e+00
