 iy/ix           1           2           3           4           5           6           7           8           9          10          11          12          13          14          15          16          17          18          19          20          21          22          23          24          25          26          27          28          29          30          31          32          33          34          35          36          37          38          39          40
     1  9.9117e-01  9.3833e-01  9.4256e-01  9.1846e-01  8.7756e-01  8.7877e-01  8.3042e-01  7.8443e-01  6.8395e-01  4.4611e-01  2.1510e-01  1.2995e-01  9.9650e-02  9.0762e-02  5.9897e-02  3.0262e-02  2.7552e-02  1.6929e-02  1.2695e-02  7.3515e-03  3.4798e-03  4.4956e-04  6.3013e-04  0.0000e+00  0.0000e+00  0.0000e+00  0.0000e+00  0.0000e+00  0.0000e+00  0.0000e+00  0.0000e+00  0.0000e+00  0.0000e+00  0.0000e+00  0.0000e+00  0.0000e+00  0.0000e+00  0.0000e+00  0.0000e+00  0.0000e+00
     2  9.9177e-01  9.6882e-01  9.5563e-01  9.1458e-01  9.1703e-01  9.2215e-01  7.7539e-01  7.0993e-01  6.5380e-01  4.5059e-01  2.1398e-01  1.3580e-01  8.8548e-02  6.5269e-02  5.1585e-02  3.4177e-02  2.7057e-02  1.3407e-02  1.0020e-02  6.8432e-03  2.2447e-03  4.7574e-04  0.0000e+00  0.0000e+00  0.0000e+00  0.0000e+00  0.0000e+00  0.0000e+00  0.0000e+00  0.0000e+00  0.0000e+00  0.0000e+00  0.0000e+00  0.0000e+00  0.0000e+00  0.0000e+00  0.0000e+00  0.0000e+00  0.0000e+00  0.0000e+00
     3  9.5548e-01  9.8413e-01  9.4675e-01  9.4268e-01  8.8120e-01  9.1624e-01  7.8167e-01  6.9477e-01  6.0538e-01  4.3701e-01  2.3175e-01  1.5401e-01  9.5099e-02  5.3010e-02  4.9460e-02  3.6190e-02  1.5169e-02  1.6507e-02  1.3202e-02  8.4631e-03  2.1264e-03  0.0000e+00  0.0000e+00  0.0000e+00  0.0000e+00  0.0000e+00  0.0000e+00  0.0000e+00  0.0000e+00  0.0000e+00  0.0000e+00  0.0000e+00  0.0000e+00  0.0000e+00  0.0000e+00  0.0000e+00  0.0000e+00  0.0000e+00  0.0000e+00  0.0000e+00
     4  9.4388e-01  9.5874e-01  8.9818e-01  9.1476e-01  8.8875e-01  8.6690e-01  8.0480e-01  7.4642e-01  5.7079e-01  4.1541e-01  2.2292e-01  1.5844e-01  9.7163e-02  4.8813e-02  5.4118e-02  3.8081e-02  2.3446e-02  1.5382e-02  6.1651e-03  5.1870e-03  1.3180e-03  8.8610e-05  1.0707e-04  0.0000e+00  0.0000e+00  0.0000e+00  0.0000e+00  0.0000e+00  0.0000e+00  0.0000e+00  0.0000e+00  0.0000e+00  0.0000e+00  0.0000e+00  0.0000e+00  0.0000e+00  0.0000e+00  0.0000e+00  0.0000e+00  0.0000e+00
     5  9.4310e-01  9.6270e-01  8.6805e-01  9.0645e-01  8.6133e-01  8.7702e-01  8.3180e-01  7.4326e-01  6.2129e-01  4.3553e-01  2.1466e-01  1.3698e-01  9.4395e-02  5.2944e-02  3.9763e-02  3.8236e-02  2.7096e-02  1.6490e-02  1.3773e-02  1.2401e-02  3.6580e-03  2.2848e-04  0.0000e+00  0.0000e+00  0.0000e+00  0.0000e+00  0.0000e+00  0.0000e+00  0.0000e+00  0.0000e+00  0.0000e+00  0.0000e+00  0.0000e+00  0.0000e+00  0.0000e+00  0.0000e+00  0.0000e+00  0.0000e+00  0.0000e+00  0.0000e+00
     6  9.1003e-01  9.3531e-01  8.3423e-01  8.5223e-01  8.0407e-01  7.7187e-01  7.7861e-01  7.0037e-01  6.1621e-01  4.2219e-01  1.8221e-01  1.0986e-01  8.1654e-02  6.0516e-02  4.1488e-02  3.7278e-02  2.7695e-02  1.4184e-02  1.3534e-02  3.9552e-03  3.7310e-03  9.3057e-04  0.0000e+00  0.0000e+00  0.0000e+00  0.0000e+00  0.0000e+00  0.0000e+00  0.0000e+00  0.0000e+00  0.0000e+00  0.0000e+00  0.0000e+00  0.0000e+00  0.0000e+00  0.0000e+00  0.0000e+00  0.0000e+00  0.0000e+00  0.0000e+00
     7  8.0592e-01  8.7081e-01  8.7311e-01  8.0430e-01  7.7594e-01  7.5549e-01  6.9029e-01  6.2920e-01  5.2877e-01  4.0483e-01  1.8886e-01  1.1147e-01  6.7149e-02  4.1775e-02  2.8424e-02  1.8665e-02  1.9286e-02  1.6089e-02  1.3251e-02  9.1588e-03  1.6462e-03  9.2370e-05  0.0000e+00  0.0000e+00  0.0000e+00  0.0000e+00  0.0000e+00  0.0000e+00  0.0000e+00  0.0000e+00  0.0000e+00  0.0000e+00  0.0000e+00  0.0000e+00  0.0000e+00  0.0000e+00  0.0000e+00  0.0000e+00  0.0000e+00  0.0000e+00
     8  7.7734e-01  7.2987e-01  7.6462e-01  7.1628e-01  7.0859e-01  6.8244e-01  7.0066e-01  5.8914e-01  4.9953e-01  3.6584e-01  1.6704e-01  1.2334e-01  7.5834e-02  3.8956e-02  3.2593e-02  1.7309e-02  1.2920e-02  1.0256e-02  7.6945e-03  7.2805e-03  3.2845e-03  1.9827e-04  0.0000e+00  0.0000e+00  0.0000e+00  0.0000e+00  0.0000e+00  0.0000e+00  0.0000e+00  0.0000e+00  0.0000e+00  0.0000e+00  0.0000e+00  0.0000e+00  0.0000e+00  0.0000e+00  0.0000e+00  0.0000e+00  0.0000e+00  0.0000e+00
     9  6.6715e-01  6.5526e-01  6.1876e-01  5.8725e-01  6.1821e-01  5.5482e-01  5.4519e-01  5.2740e-01  4.5295e-01  3.1709e-01  1.4644e-01  9.2652e-02  6.8479e-02  4.1014e-02  3.4593e-02  2.3407e-02  1.2754e-02  9.2467e-03  8.6728e-03  3.8760e-03  2.8704e-03  8.7197e-04  0.0000e+00  0.0000e+00  0.0000e+00  0.0000e+00  0.0000e+00  0.0000e+00  0.0000e+00  0.0000e+00  0.0000e+00  0.0000e+00  0.0000e+00  0.0000e+00  0.0000e+00  0.0000e+00  0.0000e+00  0.0000e+00  0.0000e+00  0.0000e+00
    10  4.5165e-01  4.5765e-01  4.3024e-01  3.9897e-01  4.2647e-01  4.3266e-01  3.9311e-01  3.5493e-01  3.0871e-01  2.3570e-01  1.1181e-01  8.5234e-02  5.5586e-02  4.0473e-02  2.5439e-02  1.4268e-02  1.2142e-02  3.0810e-03  6.9075e-03  2.5665e-03  1.9497e-03  2.8099e-04  0.0000e+00  0.0000e+00  0.0000e+00  0.0000e+00  0.0000e+00  0.0000e+00  0.0000e+00  0.0000e+00  0.0000e+00  0.0000e+00  0.0000e+00  0.0000e+00  0.0000e+00  0.0000e+00  0.0000e+00  0.0000e+00  0.0000e+00  0.0000e+00
    11  2.2303e-01  2.3775e-01  2.2401e-01  2.1399e-01  1.7884e-01  1.8036e-01  1.8818e-01  1.7254e-01  1.3684e-01  1.0353e-01  7.9445e-02  5.2622e-02  4.9593e-02  3.2790e-02  2.9935e-02  1.1069e-02  9.0949e-03  1.1842e-02  7.7622e-03  1.8389e-03  5.5277e-04  0.0000e+00  0.0000e+00  0.0000e+00  0.0000e+00  0.0000e+00  0.0000e+00  0.0000e+00  0.0000e+00  0.0000e+00  0.0000e+00  0.0000e+00  0.0000e+00  0.0000e+00  0.0000e+00  0.0000e+00  0.0000e+00  0.0000e+00  0.0000e+00  0.0000e+00
    12  1.4541e-01  1.3202e-01  1.5093e-01  1.3679e-01  1.3908e-01  1.5320e-01  1.1997e-01  1.2126e-01  9.4345e-02  7.0705e-02  6.0293e-02  4.5025e-02  3.0659e-02  2.5981e-02  2.3665e-02  1.3291e-02  6.8310e-03  1.1482e-02  3.5120e-03  2.5981e-03  2.5507e-03  0.0000e+00  0.0000e+00  0.0000e+00  0.0000e+00  0.0000e+00  0.0000e+00  0.0000e+00  0.0000e+00  0.0000e+00  0.0000e+00  0.0000e+00  0.0000e+00  0.0000e+00  0.0000e+00  0.0000e+00  0.0000e+00  0.0000e+00  0.0000e+00  0.0000e+00
    13  9.7334e-02  9.3228e-02  1.0205e-01  7.8738e-02  7.7992e-02  7.9954e-02  8.5334e-02  6.2838e-02  7.5844e-02  5.0379e-02  4.5206e-02  2.8030e-02  2.6157e-02  1.8314e-02  9.3790e-03  8.3703e-03  6.7452e-03  3.6590e-03  2.4264e-03  2.8950e-03  9.0467e-04  4.4495e-04  0.0000e+00  0.0000e+00  0.0000e+00  0.0000e+00  0.0000e+00  0.0000e+00  0.0000e+00  0.0000e+00  0.0000e+00  0.0000e+00  0.0000e+00  0.0000e+00  0.0000e+00  0.0000e+00  0.0000e+00  0.0000e+00  0.0000e+00  0.0000e+00
    14  6.5675e-02  6.0696e-02  5.3497e-02  6.7847e-02  6.2324e-02  4.2690e-02  3.9908e-02  3.9206e-02  4.1735e-02  3.6481e-02  2.8361e-02  2.4478e-02  1.6510e-02  1.2636e-02  9.2725e-03  2.8205e-03  6.0186e-03  3.0610e-03  9.5105e-04  3.3027e-03  3.5499e-04  2.0427e-04  0.0000e+00  0.0000e+00  0.0000e+00  0.0000e+00  0.0000e+00  0.0000e+00  0.0000e+00  0.0000e+00  0.0000e+00  0.0000e+00  0.0000e+00  0.0000e+00  0.0000e+00  0.0000e+00  0.0000e+00  0.0000e+00  0.0000e+00  0.0000e+00
    15  6.0888e-02  4.6002e-02  5.0482e-02  4.0922e-02  4.0477e-02  4.0268e-02  3.2573e-02  3.2733e-02  2.8433e-02  1.9633e-02  2.3244e-02  1.9160e-02  1.0479e-02  9.3004e-03  1.1850e-02  5.5581e-03  2.6424e-03  1.3117e-03  9.7279e-04  3.3406e-03  5.0912e-04  1.7715e-04  0.0000e+00  0.0000e+00  0.0000e+00  0.0000e+00  0.0000e+00  0.0000e+00  0.0000e+00  0.0000e+00  0.0000e+00  0.0000e+00  0.0000e+00  0.0000e+00  0.0000e+00  0.0000e+00  0.0000e+00  0.0000e+00  0.0000e+00  0.0000e+00
    16  3.7354e-02  3.7898e-02  2.9909e-02  3.6042e-02  3.2352e-02  3.0721e-02  2.5895e-02  2.7163e-02  2.3541e-02  2.1897e-02  2.0862e-02  1.9682e-02  6.3009e-03  2.0194e-03  5.3994e-03  4.3957e-03  4.6923e-03  1.2845e-03  1.9963e-03  6.7053e-04  9.1787e-04  0.0000e+00  0.0000e+00  0.0000e+00  0.0000e+00  0.0000e+00  0.0000e+00  0.0000e+00  0.0000e+00  0.0000e+00  0.0000e+00  0.0000e+00  0.0000e+00  0.0000e+00  0.0000e+00  0.0000e+00  0.0000e+00  0.0000e+00  0.0000e+00  0.0000e+00
    17  2.3169e-02  2.2327e-02  2.4429e-02  2.2118e-02  1.6834e-02  1.3992e-02  1.8345e-02  1.5146e-02  1.5030e-02  1.2496e-02  9.9383e-03  1.1695e-02  7.7198e-03  1.5372e-03  2.5336e-03  3.1169e-03  5.3871e-03  2.1517e-03  5.5160e-04  8.2114e-04  1.0017e-03  0.0000e+00  0.0000e+00  0.0000e+00  0.0000e+00  0.0000e+00  0.0000e+00  0.0000e+00  0.0000e+00  0.0000e+00  0.0000e+00  0.0000e+00  0.0000e+00  0.0000e+00  0.0000e+00  0.0000e+00  0.0000e+00  0.0000e+00  0.0000e+00  0.0000e+00
    18  1.1979e-02  1.9461e-02  2.0473e-02  1.0844e-02  1.3913e-02  1.2204e-02  9.9605e-03  8.5358e-03  1.2094e-02  9.0816e-03  9.9446e-03  8.9114e-03  3.7311e-03  4.9328e-03  3.6876e-03  4.6623e-03  1.4392e-03  1.3770e-03  5.0837e-04  8.0937e-04  3.4769e-04  0.0000e+00  0.0000e+00  0.0000e+00  0.0000e+00  0.0000e+00  0.0000e+00  0.0000e+00  0.0000e+00  0.0000e+00  0.0000e+00  0.0000e+00  0.0000e+00  0.0000e+00  0.0000e+00  0.0000e+00  0.0000e+00  0.0000e+00  0.0000e+00  0.0000e+00
    19  1.0790e-02  1.7137e-02  1.1303e-02  8.3809e-03  1.2225e-02  7.9139e-03  1.2469e-02  8.7618e-03  5.3693e-03  9.2220e-03  8.5176e-03  6.1913e-03  6.4624e-03  3.4334e-03  4.0306e-03  3.4612e-03  2.7143e-03  5.5289e-04  0.0000e+00  0.0000e+00  9.6902e-04  0.0000e+00  0.0000e+00  0.0000e+00  0.0000e+00  0.0000e+00  0.0000e+00  0.0000e+00  0.0000e+00  0.0000e+00  0.0000e+00  0.0000e+00  0.0000e+00  0.0000e+00  0.0000e+00  0.0000e+00  0.0000e+00  0.0000e+00  0.0000e+00  0.0000e+00
    20  5.7227e-03  1.7131e-02  8.8616e-03  6.0517e-03  9.9041e-03  3.5643e-03  1.4526e-03  5.5987e-03  3.7115e-03  5.2527e-03  2.7435e-03  3.9007e-03  5.1920e-03  4.8840e-03  2.5569e-03  1.6643e-03  1.9170e-03  4.9497e-04  0.0000e+00  1.1482e-03  5.3609e-05  1.1995e-04  4.6304e-04  0.0000e+00  0.0000e+00  0.0000e+00  0.0000e+00  0.0000e+00  0.0000e+00  0.0000e+00  0.0000e+00  0.0000e+00  0.0000e+00  0.0000e+00  0.0000e+00  0.0000e+00  0.0000e+00  0.0000e+00  0.0000e+00  0.0000e+00
    21  3.3531e-03  7.9841e-03  8.2717e-03  6.5436e-03  4.4385e-03  2.7879e-03  9.6189e-04  1.3346e-03  3.6855e-03  1.8495e-03  2.7177e-03  1.0782e-03  2.3765e-03  1.2151e-03  8.8879e-04  0.0000e+00  3.0546e-03  5.2302e-05  3.1157e-04  3.5954e-04  6.7979e-04  0.0000e+00  0.0000e+00  0.0000e+00  0.0000e+00  0.0000e+00  0.0000e+00  0.0000e+00  0.0000e+00  0.0000e+00  0.0000e+00  0.0000e+00  0.0000e+00  0.0000e+00  0.0000e+00  0.0000e+00  0.0000e+00  0.0000e+00  0.0000e+00  0.0000e+00
    22  3.2855e-03  3.5794e-03  3.7866e-03  3.6173e-03  3.7370e-03  2.5555e-03  2.7330e-03  3.3901e-03  1.7330e-03  2.7309e-03  2.2603e-03  1.1104e-03  4.2019e-04  1.1169e-04  7.4425e-04  2.0135e-03  0.0000e+00  0.0000e+00  1.6361e-03  3.1485e-03  1.0899e-03  8.8220e-04  1.9169e-04  0.0000e+00  0.0000e+00  0.0000e+00  0.0000e+00  0.0000e+00  0.0000e+00  0.0000e+00  0.0000e+00  0.0000e+00  0.0000e+00  0.0000e+00  0.0000e+00  0.0000e+00  0.0000e+00  0.0000e+00  0.0000e+00  0.0000e+00
    23  3.9110e-03  1.8916e-03  2.8462e-03  4.4030e-03  3.6594e-03  3.6872e-03  3.6074e-04  2.5509e-03  1.3426e-03  8.9769e-04  8.4853e-04  8.8260e-04  1.2897e-03  1.9010e-03  0.0000e+00  1.4841e-03  2.5572e-03  5.2006e-04  0.0000e+00  0.0000e+00  0.0000e+00  0.0000e+00  0.0000e+00  0.0000e+00  0.0000e+00  0.0000e+00  0.0000e+00  0.0000e+00  0.0000e+00  0.0000e+00  0.0000e+00  0.0000e+00  0.0000e+00  0.0000e+00  0.0000e+00  0.0000e+00  0.0000e+00  0.0000e+00  0.0000e+00  0.0000e+00
    24  6.5143e-04  5.2537e-04  1.1675e-04  8.9964e-04  3.1335e-03  5.0288e-04  8.8675e-04  2.2279e-04  0.0000e+00  0.0000e+00  0.0000e+00  0.0000e+00  4.3438e-04  2.2675e-04  0.0000e+00  0.0000e+00  0.0000e+00  0.0000e+00  0.0000e+00  0.0000e+00  0.0000e+00  0.0000e+00  0.0000e+00  0.0000e+00  0.0000e+00  0.0000e+00  0.0000e+00  0.0000e+00  0.0000e+00  0.0000e+00  0.0000e+00  0.0000e+00  0.0000e+00  0.0000e+00  0.0000e+00  0.0000e+00  0.0000e+00  0.0000e+00  0.0000e+00  0.0000e+00
    25  5.4861e-04  2.3477e-04  1.5130e-03  8.7765e-04  1.0579e-03  8.0223e-04  2.9154e-04  0.0000e+00  0.0000e+00  0.0000e+00  5.8868e-04  0.0000e+00  3.0084e-04  2.6393e-04  6.5252e-05  4.3037e-04  0.0000e+00  0.0000e+00  4.1708e-04  0.0000e+00  0.0000e+00  0.0000e+00  0.0000e+00  0.0000e+00  0.0000e+00  0.0000e+00  0.0000e+00  0.0000e+00  0.0000e+00  0.0000e+00  0.0000e+00  0.0000e+00  0.0000e+00  0.0000e+00  0.0000e+00  0.0000e+00  0.0000e+00  0.0000e+00  0.0000e+00  0.0000e+00
    26  2.6081e-04  9.3514e-04  4.1414e-04  8.3961e-05  0.0000e+00  0.0000e+00  0.0000e+00  6.1979e-04  7.4211e-06  0.0000e+00  4.9134e-04  8.6479e-04  3.0436e-04  0.0000e+00  0.0000e+00  2.9613e-05  9.7072e-05  0.0000e+00  0.0000e+00  0.0000e+00  0.0000e+00  0.0000e+00  0.0000e+00  0.0000e+00  0.0000e+00  0.0000e+00  0.0000e+00  0.0000e+00  0.0000e+00  0.0000e+00  0.0000e+00  0.0000e+00  0.0000e+00  0.0000e+00  0.0000e+00  0.0000e+00  0.0000e+00  0.0000e+00  0.0000e+00  0.0000e+00
    27  0.0000e+00  4.3081e-04  7.5472e-04  1.0488e-03  0.0000e+00  0.0000e+00  0.0000e+00  0.0000e+00  1.0820e-03  1.3099e-04  0.0000e+00  0.0000e+00  0.0000e+00  0.0000e+00  0.0000e+00  0.0000e+00  0.0000e+00  0.0000e+00  0.0000e+00  7.9590e-04  0.0000e+00  0.0000e+00  0.0000e+00  0.0000e+00  0.0000e+00  0.0000e+00  0.0000e+00  0.0000e+00  0.0000e+00  0.0000e+00  0.0000e+00  0.0000e+00  0.0000e+00  0.0000e+00  0.0000e+00  0.0000e+00  0.0000e+00  0.0000e+00  0.0000e+00  0.0000e+00
    28  0.0000e+00  0.0000e+00  0.0000e+00  0.0000e+00  1.3222e-06  0.0000e+00  0.0000e+00  0.0000e+00  0.0000e+00  0.0000e+00  0.0000e+00  0.0000e+00  0.0000e+00  0.0000e+00  0.0000e+00  0.0000e+00  0.0000e+00  0.0000e+00  0.0000e+00  1.3474e-03  0.0000e+00  0.0000e+00  0.0000e+00  0.0000e+00  0.0000e+00  0.0000e+00  0.0000e+00  0.0000e+00  0.0000e+00  0.0000e+00  0.0000e+00  0.0000e+00  0.0000e+00  0.0000e+00  0.0000e+00  0.0000e+00  0.0000e+00  0.0000e+00  0.0000e+00  0.0000e+00
    29  0.0000e+00  0.0000e+00  0.0000e+00  0.0000e+00  0.0000e+00  2.6446e-04  0.0000e+00  0.0000e+00  0.0000e+00  0.0000e+00  0.0000e+00  0.0000e+00  0.0000e+00  0.0000e+00  0.0000e+00  0.0000e+00  0.0000e+00  0.0000e+00  0.0000e+00  0.0000e+00  0.0000e+00  0.0000e+00  0.0000e+00  0.0000e+00  0.0000e+00  0.0000e+00  0.0000e+00  0.0000e+00  0.0000e+00  0.0000e+00  0.0000e+00  0.0000e+00  0.0000e+00  0.0000e+00  0.0000e+00  0.0000e+00  0.0000e+00  0.0000e+00  0.0000e+00  0.0000e+00
    30  5.0681e-06  0.0000e+00  0.0000e+00  0.0000e+00  0.0000e+00  0.0000e+00  0.0000e+00  0.0000e+00  0.0000e+00  0.0000e+00  0.0000e+00  0.0000e+00  0.0000e+00  0.0000e+00  0.0000e+00  0.0000e+00  0.0000e+00  0.0000e+00  0.0000e+00  0.0000e+00  0.0000e+00  0.0000e+00  0.0000e+00  0.0000e+00  0.0000e+00  0.0000e+00  0.0000e+00  0.0000e+00  0.0000e+00  0.0000e+00  0.0000e+00  0.0000e+00  0.0000e+00  0.0000e+00  0.0000e+00  0.0000e+00  0.0000e+00  0.0000e+00  0.0000e+00  0.0000e+00
    31  0.0000e+00  0.0000e+00  0.0000e+00  0.0000e+00  0.0000e+00  0.0000e+00  0.0000e+00  0.0000e+00  0.0000e+00  0.0000e+00  0.0000e+00  0.0000e+00  0.0000e+00  0.0000e+00  0.0000e+00  0.0000e+00  0.0000e+00  0.0000e+00  0.0000e+00  0.0000e+00  0.0000e+00  0.0000e+00  0.0000e+00  0.0000e+00  0.0000e+00  0.0000e+00  0.0000e+00  0.0000e+00  0.0000e+00  0.0000e+00  0.0000e+00  0.0000e+00  0.0000e+00  0.0000e+00  0.0000e+00  0.0000e+00  0.0000e+00  0.0000e+00  0.0000e+00  0.0000e+00
    32  3.0520e-04  6.5641e-04  0.0000e+00  0.0000e+00  0.0000e+00  0.0000e+00  0.0000e+00  0.0000e+00  0.0000e+00  0.0000e+00  0.0000e+00  0.0000e+00  0.0000e+00  0.0000e+00  0.0000e+00  0.0000e+00  0.0000e+00  0.0000e+00  0.0000e+00  0.0000e+00  0.0000e+00  0.0000e+00  0.0000e+00  0.0000e+00  0.0000e+00  0.0000e+00  0.0000e+00  0.0000e+00  0.0000e+00  0.0000e+00  0.0000e+00  0.0000e+00  0.0000e+00  0.0000e+00  0.0000e+00  0.0000e+00  0.0000e+00  0.0000e+00  0.0000e+00  0.0000e+00
    33  0.0000e+00  9.9157e-04  0.0000e+00  0.0000e+00  0.0000e+00  0.0000e+00  0.0000e+00  0.0000e+00  0.0000e+00  0.0000e+00  0.0000e+00  0.0000e+00  0.0000e+00  0.0000e+00  0.0000e+00  0.0000e+00  0.0000e+00  0.0000e+00  0.0000e+00  0.0000e+00  0.0000e+00  0.0000e+00  0.0000e+00  0.0000e+00  0.0000e+00  0.0000e+00  0.0000e+00  0.0000e+00  0.0000e+00  0.0000e+00  0.0000e+00  0.0000e+00  0.0000e+00  0.0000e+00  0.0000e+00  0.0000e+00  0.0000e+00  0.0000e+00  0.0000e+00  0.0000e+00
    34  0.0000e+00  1.8739e-04  8.0418e-04  0.0000e+00  0.0000e+00  0.0000e+00  0.0000e+00  0.0000e+00  0.0000e+00  0.0000e+00  0.0000e+00  0.0000e+00  0.0000e+00  0.0000e+00  0.0000e+00  0.0000e+00  0.0000e+00  0.0000e+00  0.0000e+00  0.0000e+00  0.0000e+00  0.0000e+00  0.0000e+00  0.0000e+00  0.0000e+00  0.0000e+00  0.0000e+00  0.0000e+00  0.0000e+00  0.0000e+00  0.0000e+00  0.0000e+00  0.0000e+00  0.0000e+00  0.0000e+00  0.0000e+00  0.0000e+00  0.0000e+00  0.0000e+00  0.0000e+00
    35  0.0000e+00  0.0000e+00  2.0574e-04  0.0000e+00  0.0000e+00  4.8540e-04  0.0000e+00  0.0000e+00  0.0000e+00  0.0000e+00  0.0000e+00  0.0000e+00  0.0000e+00  0.0000e+00  0.0000e+00  0.0000e+00  3.9997e-04  8.7498e-04  4.2847e-06  0.0000e+00  0.0000e+00  0.0000e+00  0.0000e+00  0.0000e+00  0.0000e+00  0.0000e+00  0.0000e+00  0.0000e+00  0.0000e+00  0.0000e+00  0.0000e+00  0.0000e+00  0.0000e+00  0.0000e+00  0.0000e+00  0.0000e+00  0.0000e+00  0.0000e+00  0.0000e+00  0.0000e+00
    36  0.0000e+00  0.0000e+00  0.0000e+00  0.0000e+00  0.0000e+00  0.0000e+00  0.0000e+00  0.0000e+00  0.0000e+00  0.0000e+00  0.0000e+00  0.0000e+00  0.0000e+00  0.0000e+00  0.0000e+00  0.0000e+00  0.0000e+00  0.0000e+00  8.7070e-04  8.7498e-04  7.7913e-04  0.0000e+00  0.0000e+00  0.0000e+00  0.0000e+00  0.0000e+00  0.0000e+00  0.0000e+00  0.0000e+00  0.0000e+00  0.0000e+00  0.0000e+00  0.0000e+00  0.0000e+00  0.0000e+00  0.0000e+00  0.0000e+00  0.0000e+00  0.0000e+00  0.0000e+00
    37  0.0000e+00  0.0000e+00  0.0000e+00  0.0000e+00  0.0000e+00  0.0000e+00  0.0000e+00  0.0000e+00  0.0000e+00  0.0000e+00  0.0000e+00  0.0000e+00  0.0000e+00  0.0000e+00  0.0000e+00  0.0000e+00  0.0000e+00  0.0000e+00  0.0000e+00  0.0000e+00  9.5854e-05  7.3702e-04  0.0000e+00  0.0000e+00  0.0000e+00  0.0000e+00  0.0000e+00  0.0000e+00  0.0000e+00  0.0000e+00  0.0000e+00  0.0000e+00  0.0000e+00  0.0000e+00  0.0000e+00  0.0000e+00  0.0000e+00  0.0000e+00  0.0000e+00  0.0000e+00
    38  0.0000e+00  0.0000e+00  0.0000e+00  0.0000e+00  1.9038e-04  0.0000e+00  0.0000e+00  0.0000e+00  0.0000e+00  0.0000e+00  0.0000e+00  0.0000e+00  0.0000e+00  0.0000e+00  0.0000e+00  0.0000e+00  0.0000e+00  0.0000e+00  0.0000e+00  0.0000e+00  0.0000e+00  0.0000e+00  0.0000e+00  0.0000e+00  0.0000e+00  0.0000e+00  0.0000e+00  0.0000e+00  0.0000e+00  0.0000e+00  0.0000e+00  0.0000e+00  0.0000e+00  0.0000e+00  0.0000e+00  0.0000e+00  0.0000e+00  0.0000e+00  0.0000e+00  0.0000e+00
    39  0.0000e+00  0.0000e+00  0.0000e+00  0.0000e+00  3.6104e-04  0.0000e+00  0.0000e+00  0.0000e+00  0.0000e+00  0.0000e+00  0.0000e+00  0.0000e+00  0.0000e+00  0.0000e+00  0.0000e+00  0.0000e+00  0.0000e+00  0.0000e+00  0.0000e+00  0.0000e+00  0.0000e+00  0.0000e+00  0.0000e+00  0.0000e+00  0.0000e+00  0.0000e+00  0.0000e+00  0.0000e+00  0.0000e+00  0.0000e+00  0.0000e+00  0.0000e+00  0.0000e+00  0.0000e+00  0.0000e+00  0.0000e+00  0.0000e+00  0.0000e+00  0.0000e+00  0.0000e+00
    40  0.0000e+00  0.0000e+00  0.0000e+00  0.0000e+00  0.0000e+00  0.0000e+00  0.0000e+00  0.0000e+00  0.0000e+00  0.0000e+00  0.0000e+00  0.0000e+00  0.0000e+00  0.0000e+00  0.0000e+00  0.0000e+00  0.0000e+00  0.0000e+00  0.0000e+00  0.0000e+00  0.0000e+00  0.0000e+00  0.0000e+00  0.0000e+00  0.0000e+00  0.0000e+00  0.0000e+00  0.0000e+00  0.0000e+00  0.0000e+00  0.0000e+00  0.0000e+00  0.0000e+00  0.0000e+00  0.0000e+00  0.0000e+00  0.0000e+00  0.0000e+00  0.0000e+00  0.0000e+00
