 iy/ix           1           2           3           4           5           6           7           8           9          10          11          12          13          14          15          16          17          18          19          20          21          22          23          24          25          26          27          28          29          30          31          32          33          34          35          36          37          38          39          40
     1  1.3944e-03  8.5401e-03  1.5870e-02  2.6012e-02  4.7711e-02  7.0218e-02  1.1197e-01  1.7695e-01  2.8630e-01  5.1734e-01  8.3446e-01  8.7736e-01  8.9463e-01  9.0444e-01  9.1825e-01  9.1525e-01  9.1999e-01  9.1346e-01  9.1667e-01  9.0268e-01  8.9293e-01  8.8797e-01  8.9283e-01  8.8596e-01  9.0699e-01  9.1529e-01  9.1532e-01  9.1587e-01  9.2054e-01  9.2390e-01  9.2050e-01  9.1680e-01  9.1327e-01  9.1996e-01  9.2252e-01  9.2905e-01  9.5625e-01  1.0147e+00  1.1532e+00  1.5981e+00
     2  1.7329e-03  1.0085e-02  2.1142e-02  3.3807e-02  4.9044e-02  7.4114e-02  1.0676e-01  1.7339e-01  2.8705e-01  5.1996e-01  8.2831e-01  8.7807e-01  8.9605e-01  9.0634e-01  9.0215e-01  9.1216e-01  9.1068e-01  9.1305e-01  9.1497e-01  9.0035e-01  8.9845e-01  8.9306e-01  8.8786e-01  8.9768e-01  9.1293e-01  9.1542e-01  9.2461e-01  9.1422e-01  9.0804e-01  9.1034e-01  9.1617e-01  9.1031e-01  9.1532e-01  9.2343e-01  9.2377e-01  9.3129e-01  9.5690e-01  1.0097e+00  1.1499e+00  1.5979e+00
     3  2.0545e-03  6.3570e-03  1.6890e-02  3.5436e-02  5.5560e-02  7.4531e-02  1.1368e-01  1.7665e-01  2.7860e-01  5.2431e-01  8.2976e-01  8.7597e-01  8.9337e-01  8.9772e-01  9.1509e-01  9.1778e-01  9.1448e-01  9.1918e-01  9.0708e-01  8.9992e-01  8.9096e-01  8.8610e-01  8.9002e-01  8.9739e-01  9.1662e-01  9.2054e-01  9.1510e-01  9.2154e-01  9.1168e-01  9.1121e-01  9.2517e-01  9.2578e-01  9.2583e-01  9.2287e-01  9.2859e-01  9.3198e-01  9.4791e-01  1.0061e+00  1.1389e+00  1.5938e+00
     4  5.4227e-03  7.2280e-03  1.8036e-02  2.5141e-02  4.2745e-02  7.8621e-02  1.1253e-01  1.7332e-01  2.8864e-01  5.2141e-01  8.4456e-01  8.8020e-01  8.9811e-01  9.0835e-01  9.0905e-01  9.1008e-01  9.1512e-01  9.1696e-01  9.1264e-01  9.0687e-01  8.9406e-01  8.9187e-01  8.9506e-01  8.9885e-01  9.2298e-01  9.1895e-01  9.1069e-01  9.1304e-01  9.0862e-01  9.1016e-01  9.1048e-01  9.1482e-01  9.0655e-01  9.1168e-01  9.1558e-01  9.2334e-01  9.4483e-01  9.9701e-01  1.1383e+00  1.5892e+00
     5  7.3053e-03  1.3656e-02  1.8729e-02  2.5718e-02  3.9380e-02  6.9803e-02  1.1229e-01  1.7117e-01  2.8489e-01  5.2185e-01  8.4372e-01  8.8610e-01  9.0404e-01  9.1695e-01  9.1666e-01  9.1301e-01  9.1272e-01  9.1775e-01  9.0971e-01  9.0227e-01  8.9403e-01  8.8840e-01  8.8827e-01  8.9292e-01  9.0766e-01  9.1032e-01  9.0498e-01  9.0778e-01  9.0403e-01  9.0716e-01  9.1187e-01  9.1100e-01  9.0698e-01  9.0762e-01  9.0436e-01  9.1738e-01  9.4186e-01  9.9568e-01  1.1378e+00  1.5835e+00
     6 -1.4287e-03  6.2405e-03  1.3976e-02  2.6430e-02  4.5165e-02  6.7371e-02  1.0983e-01  1.7586e-01  2.8132e-01  5.2372e-01  8.5540e-01  8.9613e-01  9.1447e-01  9.2121e-01  9.2785e-01  9.2965e-01  9.3244e-01  9.3037e-01  9.1753e-01  9.0621e-01  8.9039e-01  8.8790e-01  8.9107e-01  8.9045e-01  9.0375e-01  9.1287e-01  9.0792e-01  9.0593e-01  8.9693e-01  8.9670e-01  9.0244e-01  9.0645e-01  8.9257e-01  8.9187e-01  8.9192e-01  9.0807e-01  9.3350e-01  9.8698e-01  1.1206e+00  1.5725e+00
     7 -8.4288e-04  8.0068e-03  1.9953e-02  2.8652e-02  4.8158e-02  7.1691e-02  1.1111e-01  1.7045e-01  2.8731e-01  5.2638e-01  8.6758e-01  9.1630e-01  9.2631e-01  9.2693e-01  9.3249e-01  9.3139e-01  9.3558e-01  9.2647e-01  9.1583e-01  9.0341e-01  8.9335e-01  8.8854e-01  8.8431e-01  8.9261e-01  9.0504e-01  9.0360e-01  8.9824e-01  8.9687e-01  8.9270e-01  8.9050e-01  8.9038e-01  8.7660e-01  8.7748e-01  8.7513e-01  8.9021e-01  8.9798e-01  9.1856e-01  9.7141e-01  1.1099e+00  1.5552e+00
     8  2.6714e-03  9.2152e-03  1.4231e-02  2.9482e-02  4.9547e-02  7.0486e-02  1.1018e-01  1.7208e-01  2.8320e-01  5.3105e-01  8.8967e-01  9.3146e-01  9.2879e-01  9.2303e-01  9.1773e-01  9.2633e-01  9.2918e-01  9.2994e-01  9.1751e-01  9.0148e-01  8.9304e-01  8.9290e-01  8.8790e-01  8.8609e-01  8.8848e-01  8.8391e-01  8.8056e-01  8.7509e-01  8.8495e-01  8.7401e-01  8.6997e-01  8.6430e-01  8.5481e-01  8.6076e-01  8.6535e-01  8.7384e-01  9.0263e-01  9.6317e-01  1.0985e+00  1.5467e+00
     9  5.1819e-03  1.3491e-02  2.1392e-02  3.4936e-02  4.4548e-02  6.7522e-02  1.0777e-01  1.6729e-01  2.7587e-01  5.3885e-01  9.0948e-01  9.3660e-01  9.3764e-01  9.3068e-01  9.2455e-01  9.1839e-01  9.1350e-01  9.0676e-01  9.0887e-01  8.9979e-01  8.9492e-01  8.9201e-01  8.9147e-01  8.9058e-01  8.7958e-01  8.8414e-01  8.7804e-01  8.6797e-01  8.5733e-01  8.5001e-01  8.3867e-01  8.4418e-01  8.3632e-01  8.3266e-01  8.4132e-01  8.4555e-01  8.8106e-01  9.3684e-01  1.0810e+00  1.5328e+00
    10  2.2196e-03  1.5366e-02  2.7973e-02  3.5662e-02  4.8131e-02  7.3002e-02  1.1406e-01  1.7112e-01  2.7911e-01  5.2319e-01  8.9404e-01  9.0844e-01  9.0254e-01  9.0520e-01  9.0902e-01  9.0491e-01  8.9934e-01  9.0052e-01  8.9536e-01  8.9506e-01  8.8469e-01  8.8478e-01  8.8847e-01  8.8222e-01  8.6981e-01  8.5841e-01  8.3982e-01  8.3815e-01  8.3671e-01  8.2377e-01  8.1951e-01  8.0534e-01  8.0360e-01  8.0626e-01  8.1388e-01  8.3017e-01  8.6351e-01  9.2496e-01  1.0747e+00  1.5259e+00
    11  6.0605e-03  1.6125e-02  2.2687e-02  3.8471e-02  6.2933e-02  9.7864e-02  1.3629e-01  2.0479e-01  3.3543e-01  5.4370e-01  7.6214e-01  8.2274e-01  8.5360e-01  8.6778e-01  8.7117e-01  8.8144e-01  8.8688e-01  8.8780e-01  8.8342e-01  8.8847e-01  8.8734e-01  8.8692e-01  8.8929e-01  8.8074e-01  8.4598e-01  8.3538e-01  8.1344e-01  7.9752e-01  7.8250e-01  7.7601e-01  7.7788e-01  7.8062e-01  7.8234e-01  7.9396e-01  7.9371e-01  8.1052e-01  8.4669e-01  9.1778e-01  1.0726e+00  1.5251e+00
    12  3.6640e-03  1.8811e-02  2.6638e-02  5.1219e-02  8.1839e-02  1.1689e-01  1.6512e-01  2.4522e-01  3.4496e-01  4.8816e-01  6.4020e-01  7.3561e-01  7.8163e-01  8.1202e-01  8.2670e-01  8.4900e-01  8.6419e-01  8.7122e-01  8.7367e-01  8.7757e-01  8.8240e-01  8.8280e-01  8.8482e-01  8.8013e-01  8.0278e-01  7.8591e-01  7.6787e-01  7.4563e-01  7.3538e-01  7.2358e-01  7.3000e-01  7.3255e-01  7.5114e-01  7.6459e-01  7.8028e-01  8.0201e-01  8.4649e-01  9.2168e-01  1.0630e+00  1.5093e+00
    13  1.0269e-02  1.6890e-02  3.9066e-02  6.1748e-02  9.1659e-02  1.3284e-01  1.8981e-01  2.5549e-01  3.3806e-01  4.5493e-01  5.6670e-01  6.5138e-01  7.1301e-01  7.5613e-01  8.0105e-01  8.1444e-01  8.1767e-01  8.3459e-01  8.5115e-01  8.6612e-01  8.7987e-01  8.7858e-01  8.8391e-01  8.6586e-01  7.4239e-01  7.1224e-01  6.9262e-01  6.7604e-01  6.6956e-01  6.7732e-01  6.8982e-01  7.0694e-01  7.2165e-01  7.4503e-01  7.6633e-01  8.0129e-01  8.4280e-01  9.1558e-01  1.0678e+00  1.5268e+00
    14  3.5964e-03  2.1726e-02  3.8995e-02  6.5222e-02  9.5606e-02  1.3386e-01  1.9343e-01  2.5948e-01  3.3471e-01  4.1897e-01  5.1838e-01  5.9157e-01  6.5334e-01  7.0013e-01  7.4404e-01  7.7735e-01  8.0256e-01  8.0827e-01  8.2350e-01  8.5409e-01  8.7522e-01  8.8525e-01  8.8838e-01  8.4820e-01  6.5056e-01  5.9822e-01  5.7741e-01  5.8213e-01  6.1064e-01  6.3254e-01  6.6078e-01  6.9108e-01  7.1418e-01  7.3708e-01  7.6794e-01  7.9659e-01  8.3817e-01  9.1215e-01  1.0729e+00  1.5335e+00
    15  1.2490e-02  2.9280e-02  4.3574e-02  6.6103e-02  1.0377e-01  1.4144e-01  1.8377e-01  2.4640e-01  3.1727e-01  3.9100e-01  4.7095e-01  5.5064e-01  6.0588e-01  6.4866e-01  6.8644e-01  7.3522e-01  7.5687e-01  7.8368e-01  8.0432e-01  8.4207e-01  8.7128e-01  8.7978e-01  8.8353e-01  8.1583e-01  4.9984e-01  4.6710e-01  4.8104e-01  5.2249e-01  5.5874e-01  6.1353e-01  6.5383e-01  6.9215e-01  7.2222e-01  7.5232e-01  7.8539e-01  8.1009e-01  8.5013e-01  9.2351e-01  1.0829e+00  1.5320e+00
    16  7.3678e-03  2.8520e-02  5.1617e-02  7.0597e-02  9.8338e-02  1.4375e-01  1.8765e-01  2.3725e-01  2.9678e-01  3.6426e-01  4.3893e-01  5.0107e-01  5.5591e-01  6.0822e-01  6.5879e-01  6.9596e-01  7.2181e-01  7.5343e-01  7.8874e-01  8.2972e-01  8.6442e-01  8.7570e-01  8.7530e-01  7.6024e-01  3.0926e-01  3.3003e-01  4.0005e-01  4.8303e-01  5.6195e-01  6.2073e-01  6.6531e-01  7.1222e-01  7.4718e-01  7.7184e-01  8.0962e-01  8.4243e-01  8.7343e-01  9.4105e-01  1.0904e+00  1.5574e+00
    17  4.2950e-03  2.3113e-02  5.2456e-02  8.3011e-02  1.0563e-01  1.3867e-01  1.9002e-01  2.3814e-01  2.8309e-01  3.5128e-01  4.0722e-01  4.7189e-01  5.2945e-01  5.7960e-01  6.1831e-01  6.5547e-01  6.8462e-01  7.1757e-01  7.6204e-01  8.1904e-01  8.6293e-01  8.7557e-01  8.6784e-01  6.4190e-01  1.0962e-01  2.3617e-01  3.8688e-01  5.1843e-01  6.0196e-01  6.6999e-01  7.2502e-01  7.5385e-01  7.8348e-01  8.1673e-01  8.4612e-01  8.6192e-01  9.0326e-01  9.6417e-01  1.1138e+00  1.5714e+00
    18  1.4364e-02  3.7327e-02  5.3490e-02  8.0794e-02  1.1016e-01  1.4626e-01  1.9040e-01  2.3226e-01  2.8882e-01  3.3960e-01  4.0034e-01  4.4863e-01  4.9928e-01  5.4980e-01  5.8989e-01  6.2681e-01  6.5657e-01  6.9537e-01  7.3212e-01  8.0077e-01  8.5255e-01  8.6934e-01  8.3596e-01  4.5519e-01  6.1977e-03  2.6706e-01  4.7080e-01  5.9979e-01  6.8841e-01  7.4344e-01  7.9435e-01  8.2758e-01  8.4479e-01  8.5301e-01  8.7146e-01  8.9261e-01  9.2605e-01  9.9176e-01  1.1314e+00  1.5872e+00
    19  1.0781e-02  3.4255e-02  5.6689e-02  7.4631e-02  1.1170e-01  1.4914e-01  1.8024e-01  2.2326e-01  2.6688e-01  3.2417e-01  3.8459e-01  4.3627e-01  4.7064e-01  5.1799e-01  5.5637e-01  5.9317e-01  6.3538e-01  6.7258e-01  7.1893e-01  7.8321e-01  8.3873e-01  8.1878e-01  6.9359e-01  2.7411e-01  9.7175e-02  4.5718e-01  6.4299e-01  7.4868e-01  8.0568e-01  8.3991e-01  8.6573e-01  8.7861e-01  8.8741e-01  9.0256e-01  9.0392e-01  9.2405e-01  9.4883e-01  1.0041e+00  1.1434e+00  1.6019e+00
    20  9.2619e-03  2.8525e-02  5.1229e-02  8.0817e-02  1.1386e-01  1.4131e-01  1.8485e-01  2.2379e-01  2.6263e-01  3.1366e-01  3.5477e-01  3.9918e-01  4.5247e-01  4.9024e-01  5.2804e-01  5.7523e-01  6.1174e-01  6.5323e-01  7.0289e-01  7.8432e-01  8.0103e-01  6.6170e-01  5.4179e-01  4.6683e-01  6.2836e-01  8.2335e-01  8.8756e-01  9.1492e-01  9.3649e-01  9.4007e-01  9.4146e-01  9.3234e-01  9.2887e-01  9.3154e-01  9.4007e-01  9.4930e-01  9.7073e-01  1.0242e+00  1.1678e+00  1.6085e+00
    21  1.0045e-02  3.5186e-02  4.9984e-02  7.5276e-02  1.0862e-01  1.4006e-01  1.8117e-01  2.1420e-01  2.5660e-01  2.9929e-01  3.4358e-01  3.7615e-01  4.1741e-01  4.6545e-01  5.0975e-01  5.4157e-01  5.8859e-01  6.4206e-01  7.0522e-01  8.5156e-01  1.1228e+00  1.1783e+00  1.1532e+00  1.1530e+00  1.1429e+00  1.0928e+00  1.0598e+00  1.0281e+00  1.0022e+00  9.8747e-01  9.7488e-01  9.7322e-01  9.6548e-01  9.6125e-01  9.6205e-01  9.7072e-01  9.9357e-01  1.0327e+00  1.1765e+00  1.6256e+00
    22  1.6338e-02  3.3790e-02  6.1141e-02  8.5711e-02  1.1039e-01  1.4309e-01  1.7427e-01  2.1030e-01  2.4454e-01  2.8852e-01  3.3164e-01  3.7153e-01  4.1185e-01  4.4835e-01  4.8251e-01  5.2173e-01  5.6305e-01  6.1283e-01  6.9792e-01  8.2232e-01  1.0172e+00  1.1678e+00  1.1915e+00  1.1787e+00  1.1568e+00  1.1310e+00  1.0939e+00  1.0687e+00  1.0430e+00  1.0275e+00  1.0130e+00  1.0012e+00  9.9158e-01  9.8757e-01  9.8191e-01  9.9086e-01  1.0145e+00  1.0597e+00  1.1880e+00  1.6390e+00
    23  1.0659e-02  3.8402e-02  5.5670e-02  8.6770e-02  1.0986e-01  1.4549e-01  1.7877e-01  2.0874e-01  2.4665e-01  2.8316e-01  3.1470e-01  3.5908e-01  3.9711e-01  4.2767e-01  4.5748e-01  4.9387e-01  5.4210e-01  6.0259e-01  6.7245e-01  7.6715e-01  9.0677e-01  1.0194e+00  1.0951e+00  1.1284e+00  1.1223e+00  1.1055e+00  1.0821e+00  1.0598e+00  1.0443e+00  1.0258e+00  1.0274e+00  1.0211e+00  1.0088e+00  9.9942e-01  9.9243e-01  9.9362e-01  1.0080e+00  1.0560e+00  1.1881e+00  1.6530e+00
    24  1.1992e-02  3.3524e-02  5.8122e-02  8.4572e-02  1.1489e-01  1.3316e-01  1.7021e-01  2.0285e-01  2.3236e-01  2.7149e-01  3.0815e-01  3.4603e-01  3.8575e-01  4.1858e-01  4.5348e-01  4.8636e-01  5.3149e-01  5.8354e-01  6.4241e-01  7.2394e-01  8.2103e-01  9.1593e-01  9.9630e-01  1.0380e+00  1.0600e+00  1.0677e+00  1.0602e+00  1.0537e+00  1.0448e+00  1.0299e+00  1.0151e+00  1.0043e+00  9.9688e-01  9.9582e-01  9.9688e-01  9.9471e-01  1.0082e+00  1.0569e+00  1.1888e+00  1.6408e+00
    25  8.4386e-03  2.5626e-02  5.7305e-02  8.7663e-02  1.1235e-01  1.4541e-01  1.6845e-01  1.9575e-01  2.3008e-01  2.6510e-01  2.9417e-01  3.3171e-01  3.6750e-01  3.9970e-01  4.3316e-01  4.7377e-01  5.1094e-01  5.5464e-01  6.0794e-01  6.7718e-01  7.5217e-01  8.3081e-01  9.0963e-01  9.6553e-01  9.9676e-01  1.0091e+00  1.0179e+00  1.0232e+00  1.0126e+00  1.0067e+00  9.9920e-01  9.9094e-01  9.9227e-01  9.8657e-01  9.8387e-01  9.9455e-01  1.0189e+00  1.0617e+00  1.1832e+00  1.6492e+00
    26  8.1666e-03  3.4302e-02  6.1150e-02  8.5080e-02  1.0956e-01  1.4013e-01  1.6295e-01  1.8923e-01  2.2207e-01  2.5707e-01  2.8810e-01  3.2246e-01  3.5714e-01  3.8983e-01  4.1624e-01  4.5423e-01  4.9688e-01  5.3736e-01  5.8353e-01  6.3854e-01  6.9980e-01  7.7019e-01  8.4487e-01  8.9494e-01  9.2895e-01  9.4708e-01  9.6319e-01  9.6903e-01  9.8124e-01  9.7593e-01  9.7534e-01  9.8162e-01  9.7998e-01  9.7975e-01  9.8528e-01  9.9248e-01  9.9935e-01  1.0547e+00  1.1816e+00  1.6451e+00
    27  1.5011e-02  3.9074e-02  5.4005e-02  8.8307e-02  1.0847e-01  1.3318e-01  1.5918e-01  1.9505e-01  2.1658e-01  2.5444e-01  2.8104e-01  3.1455e-01  3.4798e-01  3.7727e-01  4.1201e-01  4.4752e-01  4.8170e-01  5.1855e-01  5.6541e-01  6.1249e-01  6.6568e-01  7.2471e-01  7.7657e-01  8.2626e-01  8.6721e-01  8.9576e-01  9.2722e-01  9.3985e-01  9.4947e-01  9.5324e-01  9.6262e-01  9.5769e-01  9.5802e-01  9.6025e-01  9.6822e-01  9.6728e-01  9.9503e-01  1.0512e+00  1.1878e+00  1.6397e+00
    28  8.3826e-03  3.7483e-02  5.5308e-02  7.6720e-02  1.0158e-01  1.2593e-01  1.6509e-01  1.8798e-01  2.1609e-01  2.4808e-01  2.8155e-01  3.0356e-01  3.3430e-01  3.6570e-01  3.9281e-01  4.3357e-01  4.6737e-01  4.9299e-01  5.4765e-01  5.9169e-01  6.3291e-01  6.8275e-01  7.2908e-01  7.6865e-01  8.1379e-01  8.5283e-01  8.7870e-01  9.0637e-01  9.1015e-01  9.2329e-01  9.3784e-01  9.4341e-01  9.4232e-01  9.4749e-01  9.4597e-01  9.6052e-01  9.8772e-01  1.0460e+00  1.1829e+00  1.6364e+00
    29  1.6107e-02  2.9508e-02  5.9578e-02  8.3676e-02  9.9991e-02  1.3486e-01  1.5287e-01  1.8103e-01  2.0998e-01  2.3557e-01  2.5859e-01  2.9278e-01  3.2535e-01  3.4974e-01  3.8112e-01  4.1764e-01  4.5050e-01  4.8493e-01  5.2177e-01  5.5697e-01  6.1738e-01  6.5116e-01  6.9421e-01  7.3770e-01  7.7263e-01  8.1141e-01  8.4369e-01  8.5341e-01  8.6897e-01  8.8984e-01  9.0328e-01  9.1568e-01  9.2079e-01  9.2131e-01  9.3127e-01  9.4471e-01  9.7162e-01  1.0324e+00  1.1656e+00  1.6191e+00
    30  3.2456e-03  2.8333e-02  6.2031e-02  8.2272e-02  1.0531e-01  1.1975e-01  1.5243e-01  1.7428e-01  2.0073e-01  2.2845e-01  2.5626e-01  2.7679e-01  3.0841e-01  3.4200e-01  3.7094e-01  4.0336e-01  4.3451e-01  4.7204e-01  5.0378e-01  5.4683e-01  5.7806e-01  6.1582e-01  6.5759e-01  6.9725e-01  7.2879e-01  7.6450e-01  7.9737e-01  8.2448e-01  8.4221e-01  8.5561e-01  8.7351e-01  8.8259e-01  9.0244e-01  9.0824e-01  9.1777e-01  9.3495e-01  9.6115e-01  1.0188e+00  1.1624e+00  1.6164e+00
    31  1.0340e-02  3.6859e-02  5.6943e-02  8.6118e-02  1.0812e-01  1.2307e-01  1.4103e-01  1.6835e-01  1.9442e-01  2.1604e-01  2.4718e-01  2.7280e-01  2.9646e-01  3.2876e-01  3.6267e-01  3.9211e-01  4.2695e-01  4.5253e-01  4.8444e-01  5.1998e-01  5.5461e-01  5.9721e-01  6.3969e-01  6.7278e-01  7.0676e-01  7.3271e-01  7.5786e-01  7.8924e-01  8.1238e-01  8.2911e-01  8.4513e-01  8.5628e-01  8.7473e-01  8.8154e-01  8.9643e-01  9.0971e-01  9.4606e-01  1.0075e+00  1.1444e+00  1.6041e+00
    32  1.3137e-02  3.0004e-02  5.3723e-02  8.1159e-02  1.0045e-01  1.2104e-01  1.4180e-01  1.6499e-01  1.9501e-01  2.1541e-01  2.3847e-01  2.6130e-01  2.9663e-01  3.3173e-01  3.5535e-01  3.8726e-01  4.0813e-01  4.4097e-01  4.7953e-01  5.0144e-01  5.3104e-01  5.6843e-01  6.0566e-01  6.4186e-01  6.7756e-01  7.0257e-01  7.3792e-01  7.6711e-01  7.8411e-01  7.9616e-01  8.1539e-01  8.2546e-01  8.3827e-01  8.5152e-01  8.7385e-01  8.9585e-01  9.2239e-01  9.9073e-01  1.1294e+00  1.5920e+00
    33  8.7355e-03  3.1902e-02  5.8722e-02  7.5722e-02  9.5940e-02  1.2362e-01  1.4299e-01  1.7048e-01  1.9507e-01  2.1928e-01  2.4072e-01  2.6371e-01  2.9460e-01  3.1301e-01  3.3858e-01  3.6772e-01  4.0387e-01  4.2945e-01  4.5420e-01  4.8706e-01  5.2285e-01  5.5891e-01  5.8356e-01  6.0995e-01  6.4165e-01  6.7225e-01  6.9947e-01  7.3034e-01  7.5407e-01  7.6878e-01  7.9100e-01  8.1265e-01  8.2295e-01  8.3637e-01  8.5005e-01  8.6557e-01  9.1085e-01  9.7797e-01  1.1238e+00  1.5798e+00
    34  1.3895e-02  4.0733e-02  5.2540e-02  6.9187e-02  9.2003e-02  1.2348e-01  1.4004e-01  1.6472e-01  1.8731e-01  2.0612e-01  2.2963e-01  2.5863e-01  2.7917e-01  3.0497e-01  3.3581e-01  3.5763e-01  3.9182e-01  4.2412e-01  4.4305e-01  4.6805e-01  5.0073e-01  5.2997e-01  5.5925e-01  5.9176e-01  6.1523e-01  6.4665e-01  6.7117e-01  6.9817e-01  7.2508e-01  7.4756e-01  7.6210e-01  7.8831e-01  8.0061e-01  8.1401e-01  8.3592e-01  8.5189e-01  8.9457e-01  9.6228e-01  1.1105e+00  1.5752e+00
    35  8.1765e-03  3.3253e-02  6.3367e-02  8.5371e-02  9.8284e-02  1.1378e-01  1.3595e-01  1.5809e-01  1.7604e-01  1.9917e-01  2.3085e-01  2.5294e-01  2.7758e-01  3.0384e-01  3.2732e-01  3.5298e-01  3.8652e-01  4.1106e-01  4.3735e-01  4.6795e-01  4.9441e-01  5.1387e-01  5.4807e-01  5.7676e-01  5.9880e-01  6.2877e-01  6.5725e-01  6.8411e-01  6.9396e-01  7.2527e-01  7.4621e-01  7.5970e-01  7.8929e-01  7.9435e-01  8.1343e-01  8.4013e-01  8.7204e-01  9.5416e-01  1.1013e+00  1.5738e+00
    36  1.6014e-02  3.7325e-02  6.0983e-02  8.1828e-02  9.4404e-02  1.1509e-01  1.3844e-01  1.5417e-01  1.7719e-01  1.9994e-01  2.2835e-01  2.4607e-01  2.7131e-01  2.8229e-01  3.1824e-01  3.4627e-01  3.6989e-01  4.0331e-01  4.2303e-01  4.4923e-01  4.8316e-01  5.0666e-01  5.3198e-01  5.5730e-01  5.8815e-01  6.1697e-01  6.4192e-01  6.5497e-01  6.8462e-01  7.0190e-01  7.2235e-01  7.4349e-01  7.6466e-01  7.8425e-01  8.0476e-01  8.2400e-01  8.6509e-01  9.4084e-01  1.1043e+00  1.5689e+00
    37  9.2830e-03  3.6559e-02  5.7209e-02  7.1794e-02  9.6980e-02  1.1070e-01  1.2771e-01  1.5984e-01  1.8163e-01  2.0252e-01  2.1672e-01  2.4583e-01  2.6993e-01  2.8850e-01  3.0993e-01  3.3610e-01  3.5696e-01  3.7672e-01  4.1112e-01  4.3588e-01  4.6502e-01  4.8692e-01  5.1298e-01  5.4363e-01  5.7195e-01  5.9672e-01  6.2367e-01  6.4282e-01  6.7291e-01  6.8995e-01  7.0662e-01  7.3421e-01  7.5320e-01  7.7496e-01  7.9434e-01  8.2327e-01  8.5953e-01  9.3113e-01  1.0864e+00  1.5605e+00
    38  1.2191e-02  3.0872e-02  5.0550e-02  7.4057e-02  9.0262e-02  1.1210e-01  1.3225e-01  1.5436e-01  1.7399e-01  1.9509e-01  2.2304e-01  2.3457e-01  2.5681e-01  2.8138e-01  3.1221e-01  3.3458e-01  3.5769e-01  3.8048e-01  4.0655e-01  4.3683e-01  4.6157e-01  4.8583e-01  5.0854e-01  5.3751e-01  5.5994e-01  5.8546e-01  6.0454e-01  6.3883e-01  6.5966e-01  6.8750e-01  7.0958e-01  7.2564e-01  7.4367e-01  7.6828e-01  7.8548e-01  8.0374e-01  8.5644e-01  9.3919e-01  1.0897e+00  1.5561e+00
    39  1.1460e-02  2.8135e-02  4.8981e-02  7.0317e-02  9.0481e-02  1.1552e-01  1.3200e-01  1.4740e-01  1.6334e-01  1.8873e-01  2.1848e-01  2.4671e-01  2.5782e-01  2.8644e-01  3.0477e-01  3.3761e-01  3.6237e-01  3.8002e-01  4.0520e-01  4.3310e-01  4.6181e-01  4.8215e-01  5.0974e-01  5.3081e-01  5.6194e-01  5.8200e-01  6.1635e-01  6.4001e-01  6.5909e-01  6.7983e-01  7.0242e-01  7.3107e-01  7.5146e-01  7.6994e-01  8.0255e-01  8.3597e-01  8.7122e-01  9.4665e-01  1.1041e+00  1.5812e+00
    40  1.3580e-02  3.5494e-02  5.8037e-02  8.7038e-02  9.8205e-02  1.2396e-01  1.4485e-01  1.6123e-01  1.8971e-01  2.1707e-01  2.3910e-01  2.6589e-01  2.9173e-01  3.1988e-01  3.3979e-01  3.6574e-01  4.0915e-01  4.2385e-01  4.4980e-01  4.7350e-01  5.0362e-01  5.4387e-01  5.6941e-01  5.8791e-01  6.1725e-01  6.5262e-01  6.7513e-01  7.0627e-01  7.2773e-01  7.5343e-01  7.8753e-01  8.0960e-01  8.3878e-01  8.5238e-01  8.7248e-01  9.1386e-01  9.6850e-01  1.0505e+00  1.2207e+00  1.7261e+00
