 iy/ix           1           2           3           4           5           6           7           8           9          10          11          12          13          14          15          16          17          18          19          20          21          22          23          24          25          26          27          28          29          30          31          32          33          34          35          36          37          38          39          40
     1  2.2007e+02  2.9046e+02  3.1052e+02  3.1690e+02  3.1679e+02  3.1342e+02  3.0605e+02  2.8983e+02  2.6619e+02  2.2792e+02  1.6483e+02  1.3208e+02  1.1306e+02  9.8951e+01  9.1311e+01  8.4390e+01  7.8969e+01  7.3141e+01  6.8518e+01  6.1396e+01  4.7716e+01  3.0046e+01  2.3400e+01  1.9994e+01  2.3271e+01  2.7129e+01  2.9334e+01  3.0685e+01  3.1677e+01  3.2254e+01  3.2962e+01  3.2930e+01  3.3054e+01  3.3204e+01  3.3007e+01  3.2875e+01  3.2847e+01  3.2664e+01  3.1822e+01  3.0139e+01
     2  2.8950e+02  3.7146e+02  3.9726e+02  4.0709e+02  4.0824e+02  4.0277e+02  3.9302e+02  3.7269e+02  3.4189e+02  2.9564e+02  2.0966e+02  1.6595e+02  1.4125e+02  1.2423e+02  1.1257e+02  1.0244e+02  9.5071e+01  8.8433e+01  8.2774e+01  7.4978e+01  5.9793e+01  3.9325e+01  3.1831e+01  2.7635e+01  2.9720e+01  3.2156e+01  3.3762e+01  3.5412e+01  3.5959e+01  3.6768e+01  3.6829e+01  3.6840e+01  3.6747e+01  3.6674e+01  3.6411e+01  3.6703e+01  3.6797e+01  3.5890e+01  3.5269e+01  3.3815e+01
     3  3.1089e+02  3.9713e+02  4.2065e+02  4.2831e+02  4.3128e+02  4.2263e+02  4.1187e+02  3.9241e+02  3.6214e+02  3.1414e+02  2.2077e+02  1.7576e+02  1.5057e+02  1.3336e+02  1.2117e+02  1.1130e+02  1.0269e+02  9.5684e+01  9.0192e+01  8.2707e+01  6.4008e+01  4.1694e+01  3.3994e+01  2.9748e+01  3.4515e+01  3.7387e+01  3.8537e+01  3.8987e+01  3.9431e+01  4.0045e+01  3.9801e+01  3.9386e+01  3.9463e+01  3.9503e+01  3.9607e+01  3.9030e+01  3.9096e+01  3.9104e+01  3.7877e+01  3.6451e+01
     4  3.1674e+02  4.0744e+02  4.2994e+02  4.3639e+02  4.3564e+02  4.3068e+02  4.1841e+02  3.9643e+02  3.6882e+02  3.1735e+02  2.2347e+02  1.7836e+02  1.5334e+02  1.3656e+02  1.2347e+02  1.1454e+02  1.0609e+02  9.9913e+01  9.4630e+01  8.6165e+01  6.5845e+01  4.2748e+01  3.4841e+01  3.1053e+01  3.6707e+01  4.0649e+01  4.2743e+01  4.3396e+01  4.3108e+01  4.2990e+01  4.2867e+01  4.2435e+01  4.2092e+01  4.2202e+01  4.2716e+01  4.2549e+01  4.2139e+01  4.1441e+01  4.0996e+01  3.8900e+01
     5  3.1617e+02  4.0865e+02  4.3006e+02  4.3553e+02  4.3485e+02  4.3000e+02  4.1876e+02  3.9730e+02  3.6850e+02  3.1705e+02  2.2408e+02  1.7888e+02  1.5274e+02  1.3700e+02  1.2541e+02  1.1581e+02  1.0974e+02  1.0307e+02  9.6863e+01  8.7650e+01  6.6757e+01  4.3071e+01  3.4820e+01  3.1111e+01  3.7724e+01  4.2964e+01  4.4978e+01  4.5851e+01  4.5760e+01  4.5883e+01  4.6377e+01  4.6282e+01  4.5990e+01  4.5852e+01  4.5352e+01  4.5602e+01  4.5064e+01  4.4805e+01  4.3511e+01  4.1755e+01
     6  3.1234e+02  4.0259e+02  4.2646e+02  4.3143e+02  4.3036e+02  4.2557e+02  4.1430e+02  3.9585e+02  3.6257e+02  3.1288e+02  2.2186e+02  1.7503e+02  1.5061e+02  1.3533e+02  1.2458e+02  1.1661e+02  1.1029e+02  1.0330e+02  9.6777e+01  8.7429e+01  6.6761e+01  4.3114e+01  3.4883e+01  3.0684e+01  3.8311e+01  4.3937e+01  4.7186e+01  4.8658e+01  4.8942e+01  4.9626e+01  4.9522e+01  4.9109e+01  4.9214e+01  4.9519e+01  4.9127e+01  4.8721e+01  4.8887e+01  4.8542e+01  4.6438e+01  4.3955e+01
     7  3.0378e+02  3.8943e+02  4.1254e+02  4.1958e+02  4.2046e+02  4.1413e+02  4.0757e+02  3.9019e+02  3.5712e+02  3.0794e+02  2.1564e+02  1.7064e+02  1.4696e+02  1.3254e+02  1.2114e+02  1.1330e+02  1.0714e+02  1.0103e+02  9.6996e+01  8.8142e+01  6.6669e+01  4.2364e+01  3.4046e+01  3.0293e+01  3.8045e+01  4.4359e+01  4.7954e+01  4.9466e+01  5.0615e+01  5.1675e+01  5.1893e+01  5.2275e+01  5.2311e+01  5.2707e+01  5.2837e+01  5.2408e+01  5.2087e+01  5.1497e+01  4.9980e+01  4.6824e+01
     8  2.9054e+02  3.7305e+02  3.9386e+02  3.9961e+02  4.0115e+02  3.9654e+02  3.9035e+02  3.7121e+02  3.4466e+02  2.9697e+02  2.0655e+02  1.6398e+02  1.4186e+02  1.2704e+02  1.1694e+02  1.1097e+02  1.0537e+02  1.0039e+02  9.4402e+01  8.5435e+01  6.4674e+01  4.2138e+01  3.4342e+01  3.0769e+01  3.8314e+01  4.4658e+01  4.8721e+01  5.1310e+01  5.3119e+01  5.4564e+01  5.4633e+01  5.5393e+01  5.6522e+01  5.6114e+01  5.6325e+01  5.6607e+01  5.6285e+01  5.5325e+01  5.3729e+01  5.0321e+01
     9  2.6702e+02  3.4346e+02  3.6015e+02  3.7144e+02  3.6756e+02  3.6835e+02  3.5679e+02  3.4485e+02  3.1867e+02  2.7552e+02  1.9039e+02  1.5429e+02  1.3423e+02  1.2122e+02  1.1314e+02  1.0777e+02  1.0303e+02  9.8955e+01  9.3468e+01  8.5363e+01  6.4443e+01  4.0654e+01  3.3420e+01  3.0247e+01  3.8358e+01  4.5115e+01  4.9734e+01  5.2329e+01  5.4896e+01  5.7016e+01  5.8493e+01  5.9574e+01  6.0410e+01  6.1133e+01  6.1218e+01  6.1289e+01  6.0473e+01  5.9240e+01  5.7411e+01  5.3383e+01
    10  2.3050e+02  2.9546e+02  3.1341e+02  3.1928e+02  3.1808e+02  3.1419e+02  3.0816e+02  2.9490e+02  2.7498e+02  2.4135e+02  1.7117e+02  1.4195e+02  1.2563e+02  1.1461e+02  1.0930e+02  1.0436e+02  9.8745e+01  9.4556e+01  9.0051e+01  8.2841e+01  6.3822e+01  4.1357e+01  3.3291e+01  3.0340e+01  3.8512e+01  4.5977e+01  5.0731e+01  5.3848e+01  5.7162e+01  6.0347e+01  6.1878e+01  6.3580e+01  6.4910e+01  6.4981e+01  6.5687e+01  6.5515e+01  6.3593e+01  6.2214e+01  5.9911e+01  5.5165e+01
    11  1.6544e+02  2.0912e+02  2.2305e+02  2.2394e+02  2.2668e+02  2.2157e+02  2.1632e+02  2.0491e+02  1.9303e+02  1.7246e+02  1.4617e+02  1.2842e+02  1.1670e+02  1.0926e+02  1.0296e+02  1.0026e+02  9.6027e+01  9.2281e+01  8.7489e+01  8.0373e+01  6.2052e+01  4.1575e+01  3.3643e+01  3.0228e+01  3.9613e+01  4.6930e+01  5.2350e+01  5.7030e+01  6.0393e+01  6.3150e+01  6.5574e+01  6.7273e+01  6.7901e+01  6.8103e+01  6.7721e+01  6.6812e+01  6.5058e+01  6.3116e+01  5.9412e+01  5.5293e+01
    12  1.3322e+02  1.6651e+02  1.7716e+02  1.7913e+02  1.7959e+02  1.7733e+02  1.7143e+02  1.6417e+02  1.5451e+02  1.4233e+02  1.2892e+02  1.1819e+02  1.0923e+02  1.0319e+02  9.8861e+01  9.5313e+01  9.2226e+01  8.9767e+01  8.6040e+01  7.8612e+01  6.0418e+01  4.0005e+01  3.2934e+01  3.0271e+01  4.0712e+01  4.9861e+01  5.5774e+01  6.1610e+01  6.4899e+01  6.8075e+01  6.9464e+01  6.9202e+01  6.8912e+01  6.7994e+01  6.6607e+01  6.4677e+01  6.3439e+01  6.0586e+01  5.7439e+01  5.2672e+01
    13  1.1416e+02  1.4223e+02  1.5115e+02  1.5449e+02  1.5258e+02  1.5158e+02  1.4712e+02  1.4198e+02  1.3520e+02  1.2697e+02  1.1771e+02  1.1119e+02  1.0458e+02  9.8715e+01  9.4168e+01  9.2286e+01  8.9317e+01  8.5819e+01  8.2258e+01  7.6035e+01  5.9534e+01  4.0436e+01  3.3449e+01  3.0049e+01  4.3977e+01  5.3841e+01  6.0833e+01  6.6209e+01  6.8702e+01  6.9256e+01  6.9004e+01  6.7662e+01  6.6302e+01  6.4374e+01  6.2193e+01  6.0401e+01  5.9041e+01  5.6648e+01  5.3558e+01  4.9494e+01
    14  1.0084e+02  1.2585e+02  1.3388e+02  1.3874e+02  1.3746e+02  1.3541e+02  1.3241e+02  1.2691e+02  1.2224e+02  1.1736e+02  1.1032e+02  1.0208e+02  9.8360e+01  9.3975e+01  9.1642e+01  8.8550e+01  8.6246e+01  8.4379e+01  8.1513e+01  7.3294e+01  5.6906e+01  3.9462e+01  3.2176e+01  3.0525e+01  4.7640e+01  6.0031e+01  6.5989e+01  6.8241e+01  6.7611e+01  6.6932e+01  6.4290e+01  6.2246e+01  5.9737e+01  5.8396e+01  5.6503e+01  5.5012e+01  5.3674e+01  5.1263e+01  4.9610e+01  4.5678e+01
    15  9.1417e+01  1.1375e+02  1.2180e+02  1.2618e+02  1.2749e+02  1.2386e+02  1.2070e+02  1.1782e+02  1.1337e+02  1.0907e+02  1.0445e+02  9.8097e+01  9.3820e+01  9.0373e+01  8.6779e+01  8.6570e+01  8.4002e+01  8.2467e+01  7.8038e+01  7.1181e+01  5.6350e+01  3.8701e+01  3.2412e+01  3.0793e+01  5.3452e+01  6.4506e+01  6.6931e+01  6.4685e+01  6.1876e+01  5.9715e+01  5.6900e+01  5.5699e+01  5.3396e+01  5.1742e+01  5.0555e+01  4.9656e+01  4.8221e+01  4.7081e+01  4.5240e+01  4.2097e+01
    16  8.3447e+01  1.0316e+02  1.1244e+02  1.1699e+02  1.1870e+02  1.1686e+02  1.1394e+02  1.1141e+02  1.0766e+02  1.0291e+02  1.0034e+02  9.5458e+01  9.1925e+01  8.8118e+01  8.5675e+01  8.2815e+01  8.1761e+01  7.9693e+01  7.6689e+01  7.0045e+01  5.5115e+01  3.8529e+01  3.2242e+01  3.2102e+01  5.8238e+01  6.1827e+01  5.9542e+01  5.5368e+01  5.3797e+01  5.1016e+01  4.9714e+01  4.8138e+01  4.7471e+01  4.6554e+01  4.6352e+01  4.5390e+01  4.4663e+01  4.3245e+01  4.1617e+01  3.9711e+01
    17  7.8796e+01  9.4623e+01  1.0417e+02  1.0891e+02  1.1129e+02  1.0994e+02  1.0875e+02  1.0518e+02  1.0217e+02  9.8878e+01  9.5808e+01  9.2580e+01  8.8288e+01  8.6873e+01  8.3581e+01  8.2741e+01  7.8838e+01  7.7134e+01  7.5216e+01  6.7766e+01  5.3356e+01  3.7042e+01  3.1059e+01  3.5292e+01  5.6437e+01  5.3219e+01  5.0454e+01  4.7930e+01  4.6594e+01  4.5409e+01  4.4052e+01  4.3687e+01  4.3066e+01  4.3054e+01  4.2873e+01  4.2556e+01  4.1945e+01  4.0938e+01  4.0270e+01  3.8266e+01
    18  7.4018e+01  8.9682e+01  9.7622e+01  1.0337e+02  1.0502e+02  1.0372e+02  1.0354e+02  1.0056e+02  9.8354e+01  9.6135e+01  9.4359e+01  9.0617e+01  8.6761e+01  8.4375e+01  8.1512e+01  8.0150e+01  7.8242e+01  7.4400e+01  7.1958e+01  6.6767e+01  5.2164e+01  3.7193e+01  3.2567e+01  4.3122e+01  4.8887e+01  4.5916e+01  4.3630e+01  4.3300e+01  4.1980e+01  4.0842e+01  4.0608e+01  4.0845e+01  4.1121e+01  4.0971e+01  4.0704e+01  4.0657e+01  4.0088e+01  3.9311e+01  3.9083e+01  3.7468e+01
    19  7.0784e+01  8.4393e+01  9.3092e+01  9.6879e+01  9.8796e+01  1.0039e+02  9.8002e+01  9.6213e+01  9.5673e+01  9.2335e+01  9.0576e+01  8.8362e+01  8.5647e+01  8.2208e+01  8.0572e+01  7.8393e+01  7.6812e+01  7.4009e+01  6.9471e+01  6.3902e+01  5.1699e+01  3.8613e+01  3.9950e+01  4.8668e+01  4.3385e+01  4.1360e+01  4.0708e+01  4.0265e+01  3.9333e+01  3.9020e+01  3.9269e+01  3.9483e+01  3.9667e+01  3.9733e+01  3.9257e+01  3.8789e+01  3.9168e+01  3.8552e+01  3.7881e+01  3.6309e+01
    20  6.8153e+01  8.1022e+01  8.7898e+01  9.1846e+01  9.3377e+01  9.5464e+01  9.4179e+01  9.2596e+01  9.2134e+01  8.8672e+01  8.7408e+01  8.6323e+01  8.3140e+01  8.2581e+01  7.8643e+01  7.7035e+01  7.6210e+01  7.3151e+01  6.8949e+01  6.3139e+01  5.3138e+01  5.2316e+01  4.9528e+01  4.3058e+01  3.9747e+01  3.9415e+01  3.8774e+01  3.8645e+01  3.8731e+01  3.9105e+01  3.9336e+01  3.9351e+01  3.8970e+01  3.8631e+01  3.8701e+01  3.8845e+01  3.8141e+01  3.8314e+01  3.7351e+01  3.5300e+01
    21  6.4597e+01  7.7638e+01  8.4690e+01  8.7584e+01  9.0635e+01  9.1123e+01  9.0681e+01  8.9671e+01  8.9164e+01  8.6490e+01  8.6499e+01  8.3748e+01  8.2024e+01  7.9782e+01  7.7539e+01  7.5815e+01  7.4364e+01  7.1545e+01  6.8157e+01  6.2355e+01  5.3241e+01  5.1052e+01  4.6545e+01  4.3528e+01  4.1250e+01  4.0169e+01  4.0140e+01  3.9724e+01  3.9696e+01  3.9357e+01  3.9519e+01  3.9080e+01  3.8600e+01  3.8395e+01  3.8728e+01  3.8532e+01  3.8084e+01  3.8174e+01  3.7302e+01  3.5588e+01
    22  6.2127e+01  7.3713e+01  8.0282e+01  8.4616e+01  8.6576e+01  8.8633e+01  8.8056e+01  8.6896e+01  8.6716e+01  8.5213e+01  8.3540e+01  8.2337e+01  8.0680e+01  7.9019e+01  7.6641e+01  7.4679e+01  7.3043e+01  6.9792e+01  6.7005e+01  6.1499e+01  5.4782e+01  4.9665e+01  4.7221e+01  4.5755e+01  4.3522e+01  4.2210e+01  4.1600e+01  4.1182e+01  4.0649e+01  4.0471e+01  3.9774e+01  3.9633e+01  3.9540e+01  3.9249e+01  3.8537e+01  3.8492e+01  3.8935e+01  3.7990e+01  3.7155e+01  3.5382e+01
    23  5.9883e+01  7.0782e+01  7.7308e+01  8.2196e+01  8.3022e+01  8.6100e+01  8.5721e+01  8.4306e+01  8.4068e+01  8.3058e+01  8.2105e+01  7.9938e+01  7.8429e+01  7.8015e+01  7.6051e+01  7.3672e+01  7.1082e+01  6.9295e+01  6.5359e+01  6.1266e+01  5.5987e+01  5.1530e+01  4.8637e+01  4.7310e+01  4.5179e+01  4.3270e+01  4.2713e+01  4.2259e+01  4.1569e+01  4.0682e+01  4.0262e+01  3.9930e+01  3.9996e+01  3.9727e+01  3.9511e+01  3.8914e+01  3.8542e+01  3.7880e+01  3.6800e+01  3.5682e+01
    24  5.7666e+01  6.8051e+01  7.4095e+01  7.9400e+01  8.1711e+01  8.2908e+01  8.3434e+01  8.2390e+01  8.2207e+01  8.1583e+01  8.0548e+01  7.8319e+01  7.7022e+01  7.6057e+01  7.4615e+01  7.2456e+01  7.0007e+01  6.7672e+01  6.5427e+01  6.0944e+01  5.6475e+01  5.3139e+01  5.0199e+01  4.8032e+01  4.6465e+01  4.5452e+01  4.4498e+01  4.3762e+01  4.3184e+01  4.2193e+01  4.2100e+01  4.1289e+01  4.1086e+01  4.0838e+01  4.0152e+01  3.9624e+01  3.8799e+01  3.8622e+01  3.7700e+01  3.5627e+01
    25  5.5678e+01  6.5087e+01  7.0370e+01  7.5903e+01  7.8911e+01  8.1177e+01  8.1604e+01  8.1335e+01  7.9449e+01  8.0054e+01  7.9013e+01  7.8176e+01  7.5944e+01  7.4922e+01  7.4030e+01  7.1320e+01  6.9196e+01  6.7839e+01  6.4928e+01  6.1713e+01  5.8445e+01  5.4397e+01  5.2117e+01  4.9346e+01  4.8044e+01  4.6812e+01  4.5926e+01  4.4717e+01  4.3637e+01  4.3007e+01  4.2552e+01  4.2138e+01  4.1711e+01  4.0866e+01  4.0349e+01  4.0095e+01  4.0032e+01  3.9164e+01  3.7552e+01  3.5688e+01
    26  5.4213e+01  6.2973e+01  6.8714e+01  7.2724e+01  7.6430e+01  7.7549e+01  7.9245e+01  7.8405e+01  7.7874e+01  7.8995e+01  7.7244e+01  7.7218e+01  7.4558e+01  7.3885e+01  7.2589e+01  6.9841e+01  6.7461e+01  6.7131e+01  6.4362e+01  6.1939e+01  5.8218e+01  5.5738e+01  5.2844e+01  5.0719e+01  4.8734e+01  4.7920e+01  4.7528e+01  4.6090e+01  4.4755e+01  4.3428e+01  4.3100e+01  4.2664e+01  4.2117e+01  4.0976e+01  4.0821e+01  4.0600e+01  4.0177e+01  3.8981e+01  3.8006e+01  3.5846e+01
    27  5.3104e+01  6.0917e+01  6.7006e+01  7.0985e+01  7.3909e+01  7.4966e+01  7.7670e+01  7.7096e+01  7.6245e+01  7.6278e+01  7.6485e+01  7.5590e+01  7.4068e+01  7.2496e+01  7.1584e+01  6.9333e+01  6.7759e+01  6.5050e+01  6.3974e+01  6.2500e+01  5.8015e+01  5.5804e+01  5.3530e+01  5.1429e+01  4.9589e+01  4.7822e+01  4.7127e+01  4.7101e+01  4.5788e+01  4.4599e+01  4.3957e+01  4.3456e+01  4.2846e+01  4.2438e+01  4.1543e+01  4.0831e+01  3.9957e+01  3.9425e+01  3.7587e+01  3.5953e+01
    28  5.2310e+01  6.0152e+01  6.4951e+01  6.8501e+01  7.1628e+01  7.2735e+01  7.4651e+01  7.4409e+01  7.4844e+01  7.5147e+01  7.4883e+01  7.4209e+01  7.3084e+01  7.1016e+01  7.0854e+01  6.8553e+01  6.6716e+01  6.5435e+01  6.3323e+01  6.1633e+01  5.8815e+01  5.6010e+01  5.4576e+01  5.2589e+01  5.1031e+01  4.8656e+01  4.7327e+01  4.6803e+01  4.6488e+01  4.4769e+01  4.4229e+01  4.4158e+01  4.3530e+01  4.2530e+01  4.1957e+01  4.1389e+01  4.0913e+01  3.9411e+01  3.8011e+01  3.5809e+01
    29  5.0427e+01  5.8449e+01  6.2785e+01  6.6749e+01  6.9246e+01  7.1601e+01  7.2441e+01  7.2763e+01  7.3155e+01  7.3539e+01  7.3603e+01  7.3182e+01  7.1872e+01  7.0575e+01  6.9668e+01  6.7619e+01  6.6668e+01  6.4336e+01  6.2379e+01  6.1501e+01  5.8992e+01  5.6792e+01  5.5541e+01  5.2477e+01  5.0925e+01  4.9547e+01  4.7723e+01  4.7378e+01  4.6541e+01  4.5636e+01  4.5014e+01  4.3679e+01  4.3935e+01  4.2984e+01  4.2215e+01  4.1021e+01  4.0798e+01  3.9704e+01  3.8679e+01  3.6278e+01
    30  4.8928e+01  5.6233e+01  6.0936e+01  6.5272e+01  6.6679e+01  6.8903e+01  7.0629e+01  7.1317e+01  7.1488e+01  7.2144e+01  7.2578e+01  7.1843e+01  7.1267e+01  6.9049e+01  6.8761e+01  6.6570e+01  6.6522e+01  6.4808e+01  6.2297e+01  6.1184e+01  5.9037e+01  5.7176e+01  5.5155e+01  5.3058e+01  5.1370e+01  4.9959e+01  4.9477e+01  4.7490e+01  4.6503e+01  4.6253e+01  4.5917e+01  4.4828e+01  4.4020e+01  4.3035e+01  4.2873e+01  4.1714e+01  4.1139e+01  3.9719e+01  3.8987e+01  3.6763e+01
    31  4.7933e+01  5.5325e+01  5.9349e+01  6.3581e+01  6.5608e+01  6.7305e+01  6.8968e+01  7.0009e+01  7.0433e+01  7.0687e+01  7.1099e+01  7.1063e+01  6.9738e+01  6.8516e+01  6.7537e+01  6.6658e+01  6.5291e+01  6.3942e+01  6.1796e+01  6.0207e+01  5.9282e+01  5.7262e+01  5.5224e+01  5.3457e+01  5.1669e+01  5.0858e+01  4.9159e+01  4.8145e+01  4.7300e+01  4.5785e+01  4.5852e+01  4.5293e+01  4.4157e+01  4.3283e+01  4.2835e+01  4.2065e+01  4.1096e+01  4.0235e+01  3.8105e+01  3.6094e+01
    32  4.7064e+01  5.3772e+01  5.8054e+01  6.2261e+01  6.4319e+01  6.6122e+01  6.7072e+01  6.7542e+01  6.7936e+01  6.9363e+01  6.9504e+01  7.0053e+01  6.8891e+01  6.7769e+01  6.6302e+01  6.6022e+01  6.4474e+01  6.3271e+01  6.1434e+01  6.0538e+01  5.8236e+01  5.6510e+01  5.5311e+01  5.3224e+01  5.1978e+01  5.1162e+01  4.9570e+01  4.7677e+01  4.6940e+01  4.6294e+01  4.4992e+01  4.5299e+01  4.4796e+01  4.4006e+01  4.2947e+01  4.2388e+01  4.1620e+01  4.0425e+01  3.8456e+01  3.6685e+01
    33  4.6184e+01  5.2693e+01  5.6766e+01  5.9959e+01  6.3429e+01  6.4594e+01  6.5473e+01  6.6753e+01  6.6993e+01  6.7653e+01  6.7599e+01  6.8380e+01  6.7759e+01  6.6888e+01  6.5473e+01  6.4918e+01  6.4425e+01  6.2307e+01  6.1701e+01  5.9802e+01  5.8458e+01  5.6368e+01  5.5253e+01  5.3632e+01  5.2348e+01  5.1293e+01  5.0127e+01  4.8675e+01  4.7079e+01  4.6316e+01  4.5984e+01  4.4896e+01  4.4667e+01  4.4800e+01  4.3496e+01  4.2414e+01  4.1913e+01  4.0788e+01  3.9039e+01  3.6608e+01
    34  4.5451e+01  5.1327e+01  5.5270e+01  5.8910e+01  6.1979e+01  6.3187e+01  6.4278e+01  6.5049e+01  6.6357e+01  6.6354e+01  6.6559e+01  6.7387e+01  6.6564e+01  6.6376e+01  6.4389e+01  6.4156e+01  6.3046e+01  6.2366e+01  6.0426e+01  5.9410e+01  5.8512e+01  5.6946e+01  5.5239e+01  5.3984e+01  5.2046e+01  5.0688e+01  5.0080e+01  4.8997e+01  4.7706e+01  4.6704e+01  4.5839e+01  4.4913e+01  4.3792e+01  4.3911e+01  4.3773e+01  4.2502e+01  4.1433e+01  4.0448e+01  3.8426e+01  3.6600e+01
    35  4.3958e+01  5.0256e+01  5.4136e+01  5.7673e+01  6.0103e+01  6.1630e+01  6.4121e+01  6.4960e+01  6.4924e+01  6.4672e+01  6.5323e+01  6.5541e+01  6.5918e+01  6.5401e+01  6.3626e+01  6.3434e+01  6.1878e+01  6.0934e+01  6.0391e+01  5.9336e+01  5.7967e+01  5.6803e+01  5.4919e+01  5.3184e+01  5.1222e+01  5.0971e+01  5.0044e+01  4.8593e+01  4.7723e+01  4.6740e+01  4.5845e+01  4.4806e+01  4.4057e+01  4.3399e+01  4.2547e+01  4.1990e+01  4.1495e+01  4.0121e+01  3.8456e+01  3.6083e+01
    36  4.3023e+01  4.9234e+01  5.3328e+01  5.6419e+01  5.8848e+01  5.9811e+01  6.2474e+01  6.3404e+01  6.3446e+01  6.2695e+01  6.4037e+01  6.4067e+01  6.4487e+01  6.4165e+01  6.3134e+01  6.2036e+01  6.1452e+01  6.0402e+01  5.9368e+01  5.8239e+01  5.7422e+01  5.5921e+01  5.4225e+01  5.3251e+01  5.1164e+01  5.0399e+01  4.9613e+01  4.8623e+01  4.8113e+01  4.6492e+01  4.5732e+01  4.4835e+01  4.4127e+01  4.3640e+01  4.2304e+01  4.1394e+01  4.0579e+01  3.9991e+01  3.7830e+01  3.5237e+01
    37  4.2370e+01  4.7760e+01  5.1703e+01  5.5123e+01  5.7266e+01  5.8124e+01  6.0561e+01  6.2118e+01  6.1717e+01  6.2125e+01  6.2838e+01  6.2227e+01  6.2930e+01  6.2388e+01  6.2030e+01  6.0867e+01  6.0096e+01  5.9121e+01  5.8136e+01  5.6960e+01  5.6368e+01  5.5205e+01  5.3438e+01  5.2379e+01  5.0503e+01  4.9317e+01  4.8612e+01  4.7618e+01  4.6985e+01  4.6328e+01  4.5193e+01  4.3975e+01  4.3140e+01  4.2786e+01  4.1372e+01  4.0558e+01  3.9835e+01  3.8546e+01  3.6713e+01  3.4049e+01
    38  4.1302e+01  4.6653e+01  5.0148e+01  5.3732e+01  5.5623e+01  5.6265e+01  5.8625e+01  5.9955e+01  6.0283e+01  6.0364e+01  6.0690e+01  6.0562e+01  6.1221e+01  6.0340e+01  6.0199e+01  5.9364e+01  5.8253e+01  5.7784e+01  5.7134e+01  5.5546e+01  5.4744e+01  5.4493e+01  5.2276e+01  5.1380e+01  5.0511e+01  4.8076e+01  4.7512e+01  4.6405e+01  4.5479e+01  4.5052e+01  4.4222e+01  4.3269e+01  4.2544e+01  4.1604e+01  4.1176e+01  3.9384e+01  3.8761e+01  3.7247e+01  3.5812e+01  3.2824e+01
    39  3.9298e+01  4.4378e+01  4.7930e+01  5.1157e+01  5.3143e+01  5.4033e+01  5.5413e+01  5.6666e+01  5.7508e+01  5.7301e+01  5.8626e+01  5.8131e+01  5.7800e+01  5.7064e+01  5.6833e+01  5.6765e+01  5.6113e+01  5.5008e+01  5.4263e+01  5.3524e+01  5.2054e+01  5.1738e+01  5.0446e+01  4.8998e+01  4.7709e+01  4.7120e+01  4.5618e+01  4.4610e+01  4.4087e+01  4.3327e+01  4.2681e+01  4.1962e+01  4.1248e+01  4.0151e+01  3.8688e+01  3.8070e+01  3.7185e+01  3.5847e+01  3.3800e+01  3.1049e+01
    40  3.7130e+01  4.2197e+01  4.4815e+01  4.7559e+01  4.8544e+01  4.9990e+01  5.1319e+01  5.2035e+01  5.3148e+01  5.3144e+01  5.3831e+01  5.4248e+01  5.2514e+01  5.2810e+01  5.2308e+01  5.2657e+01  5.1753e+01  5.0547e+01  4.9649e+01  4.8986e+01  4.8166e+01  4.7726e+01  4.6230e+01  4.5893e+01  4.4266e+01  4.3864e+01  4.2349e+01  4.1263e+01  4.0436e+01  4.0351e+01  3.9908e+01  3.8618e+01  3.7606e+01  3.6922e+01  3.6408e+01  3.4794e+01  3.4435e+01  3.2752e+01  3.1021e+01  2.8515e+01
