 iy/ix           1           2           3           4           5           6           7           8           9          10          11          12          13          14          15          16          17          18          19          20          21          22          23          24          25          26          27          28          29          30          31          32          33          34          35          36          37          38          39          40
     1  7.4462e-03  9.0319e-03  2.7539e-02  5.0527e-02  7.5213e-02  1.0830e-01  1.6058e-01  2.3285e-01  3.4517e-01  5.0094e-01  5.0327e-01  3.4629e-01  2.3869e-01  1.6481e-01  1.1373e-01  7.8601e-02  5.3980e-02  3.7399e-02  2.5965e-02  1.7739e-02  6.8403e-03  1.1575e-03  1.9372e-04  3.2781e-05  1.0011e-05  6.9382e-06  4.8288e-06  3.3508e-06  2.3303e-06  1.6266e-06  1.1337e-06  7.7819e-07  5.3748e-07  3.6776e-07  2.5852e-07  1.8142e-07  1.2687e-07  9.0335e-08  6.6563e-08  5.1235e-08
     2 -1.5416e-04  1.9347e-02  3.4177e-02  5.3125e-02  8.5175e-02  1.1677e-01  1.5532e-01  2.3435e-01  3.4168e-01  5.0252e-01  4.9873e-01  3.4385e-01  2.3750e-01  1.6248e-01  1.1329e-01  7.8045e-02  5.3834e-02  3.7059e-02  2.5657e-02  1.7681e-02  6.7850e-03  1.1383e-03  1.9230e-04  3.2438e-05  9.7417e-06  6.8762e-06  4.7536e-06  3.2894e-06  2.2975e-06  1.5909e-06  1.1082e-06  7.7638e-07  5.3856e-07  3.7613e-07  2.6094e-07  1.8221e-07  1.2841e-07  9.1016e-08  6.5542e-08  5.0464e-08
     3  1.3054e-02  1.6102e-02  3.1001e-02  5.0954e-02  8.5309e-02  1.1250e-01  1.6441e-01  2.3483e-01  3.3912e-01  5.0217e-01  4.9975e-01  3.3914e-01  2.3306e-01  1.5947e-01  1.1044e-01  7.6357e-02  5.2537e-02  3.6256e-02  2.4891e-02  1.7283e-02  6.6934e-03  1.1415e-03  1.9343e-04  3.2588e-05  9.9568e-06  6.8751e-06  4.8349e-06  3.3405e-06  2.2904e-06  1.5940e-06  1.0959e-06  7.5852e-07  5.2262e-07  3.6673e-07  2.5538e-07  1.7750e-07  1.2447e-07  9.0031e-08  6.6455e-08  5.0826e-08
     4  5.4581e-03  1.4265e-02  2.0676e-02  3.8146e-02  6.4756e-02  1.1022e-01  1.5636e-01  2.3064e-01  3.4270e-01  4.9754e-01  4.9441e-01  3.3427e-01  2.2975e-01  1.6006e-01  1.0873e-01  7.4272e-02  5.1420e-02  3.5796e-02  2.4597e-02  1.6863e-02  6.4351e-03  1.0871e-03  1.8435e-04  3.1206e-05  9.5876e-06  6.5988e-06  4.5912e-06  3.2433e-06  2.2532e-06  1.5425e-06  1.0648e-06  7.3543e-07  5.1582e-07  3.5923e-07  2.4882e-07  1.7490e-07  1.2406e-07  8.8606e-08  6.4766e-08  4.9834e-08
     5  5.1815e-03  1.6561e-02  3.3049e-02  4.8223e-02  6.4829e-02  1.0923e-01  1.5955e-01  2.2569e-01  3.3023e-01  4.8928e-01  4.8751e-01  3.2985e-01  2.2256e-01  1.5066e-01  1.0397e-01  7.1295e-02  4.9358e-02  3.3829e-02  2.3324e-02  1.5963e-02  6.1747e-03  1.0351e-03  1.7475e-04  3.0203e-05  9.1525e-06  6.4462e-06  4.4103e-06  3.0380e-06  2.0974e-06  1.4736e-06  1.0216e-06  7.1420e-07  4.9992e-07  3.4352e-07  2.4021e-07  1.6916e-07  1.1994e-07  8.5441e-08  6.2889e-08  4.9230e-08
     6 -6.3831e-04  1.1133e-02  1.7450e-02  3.3908e-02  7.0445e-02  9.6452e-02  1.4663e-01  2.2049e-01  3.1886e-01  4.7783e-01  4.7649e-01  3.2201e-01  2.1902e-01  1.4820e-01  1.0057e-01  6.9015e-02  4.7204e-02  3.2332e-02  2.2173e-02  1.5241e-02  5.9113e-03  1.0054e-03  1.6747e-04  2.8065e-05  8.7428e-06  6.0393e-06  4.2260e-06  2.9095e-06  1.9976e-06  1.3862e-06  9.7159e-07  6.8411e-07  4.7480e-07  3.3600e-07  2.3653e-07  1.6584e-07  1.1647e-07  8.3829e-08  6.2376e-08  4.8589e-08
     7  7.0544e-03  1.7027e-02  2.6931e-02  3.3640e-02  5.7026e-02  9.4229e-02  1.4260e-01  2.0212e-01  3.1195e-01  4.6284e-01  4.6483e-01  3.0859e-01  2.0613e-01  1.3916e-01  9.4436e-02  6.4711e-02  4.4400e-02  3.0260e-02  2.0713e-02  1.4411e-02  5.5571e-03  9.3590e-04  1.5621e-04  2.6358e-05  8.0379e-06  5.6131e-06  3.9008e-06  2.7582e-06  1.9217e-06  1.3305e-06  9.3522e-07  6.4305e-07  4.5307e-07  3.2070e-07  2.2504e-07  1.5885e-07  1.1247e-07  8.1714e-08  6.1069e-08  4.7839e-08
     8  4.6374e-03  1.1332e-02  2.5620e-02  4.4179e-02  6.6264e-02  8.5848e-02  1.2578e-01  1.9297e-01  2.9432e-01  4.4686e-01  4.4453e-01  2.8720e-01  1.9083e-01  1.2803e-01  8.7237e-02  5.9735e-02  4.0731e-02  2.8486e-02  1.9625e-02  1.3295e-02  5.0171e-03  8.4285e-04  1.4343e-04  2.4420e-05  7.4539e-06  5.1964e-06  3.6426e-06  2.5172e-06  1.7646e-06  1.2302e-06  8.7402e-07  6.1993e-07  4.3718e-07  3.0435e-07  2.1475e-07  1.5309e-07  1.1183e-07  8.0627e-08  5.9818e-08  4.7209e-08
     9  2.2936e-03  1.0252e-02  1.6589e-02  3.2678e-02  4.6273e-02  7.2441e-02  1.0826e-01  1.7020e-01  2.5771e-01  4.0507e-01  3.9845e-01  2.5774e-01  1.6875e-01  1.1410e-01  7.7550e-02  5.3365e-02  3.6921e-02  2.4741e-02  1.7026e-02  1.1844e-02  4.5777e-03  7.7042e-04  1.3074e-04  2.1943e-05  6.6653e-06  4.6993e-06  3.2945e-06  2.3094e-06  1.6121e-06  1.1504e-06  8.0273e-07  5.7215e-07  4.0980e-07  2.9390e-07  2.1007e-07  1.5165e-07  1.0935e-07  7.9861e-08  6.0721e-08  4.7690e-08
    10  3.7310e-03  5.5494e-03  1.8082e-02  3.2101e-02  3.9266e-02  6.5523e-02  9.8864e-02  1.3839e-01  2.0538e-01  3.1942e-01  3.1986e-01  2.0774e-01  1.3878e-01  9.5801e-02  6.5934e-02  4.5864e-02  3.1507e-02  2.2009e-02  1.5240e-02  1.0628e-02  4.0810e-03  6.8394e-04  1.1652e-04  1.9790e-05  5.9664e-06  4.1658e-06  2.9251e-06  2.0599e-06  1.4566e-06  1.0286e-06  7.3991e-07  5.3521e-07  3.8546e-07  2.7679e-07  2.0189e-07  1.4575e-07  1.0741e-07  8.0337e-08  6.1105e-08  4.8990e-08
    11  2.5104e-03  1.2082e-02  1.5201e-02  2.7224e-02  3.8127e-02  5.5653e-02  7.4203e-02  1.0261e-01  1.4886e-01  1.9536e-01  1.9494e-01  1.4691e-01  1.0639e-01  7.3786e-02  5.2053e-02  3.6589e-02  2.5974e-02  1.8274e-02  1.3065e-02  9.0711e-03  3.5261e-03  5.9469e-04  1.0067e-04  1.7019e-05  5.0735e-06  3.5750e-06  2.5170e-06  1.7841e-06  1.2846e-06  9.2972e-07  6.7917e-07  4.9771e-07  3.6580e-07  2.6859e-07  1.9771e-07  1.4574e-07  1.0752e-07  8.2247e-08  6.3441e-08  5.1419e-08
    12  1.4768e-03  5.4363e-03  1.2539e-02  1.9012e-02  3.0302e-02  4.0749e-02  5.4937e-02  7.7531e-02  9.7313e-02  1.1206e-01  1.1291e-01  9.6438e-02  7.6117e-02  5.6743e-02  4.1052e-02  2.9276e-02  2.0956e-02  1.5017e-02  1.0574e-02  7.7252e-03  3.0569e-03  5.1679e-04  8.8038e-05  1.4898e-05  4.4402e-06  3.0948e-06  2.2068e-06  1.5898e-06  1.1732e-06  8.6365e-07  6.3735e-07  4.7671e-07  3.5606e-07  2.6815e-07  2.0219e-07  1.5310e-07  1.1547e-07  8.7526e-08  6.8472e-08  5.5383e-08
    13  1.7412e-03  5.3673e-03  1.0482e-02  1.6342e-02  2.0918e-02  2.9693e-02  4.1920e-02  5.1424e-02  6.3144e-02  7.0868e-02  6.9538e-02  6.1847e-02  5.0738e-02  4.0528e-02  3.1362e-02  2.3243e-02  1.6858e-02  1.2357e-02  8.9711e-03  6.3739e-03  2.5177e-03  4.2815e-04  7.2328e-05  1.2237e-05  3.5778e-06  2.5643e-06  1.8787e-06  1.4077e-06  1.0688e-06  8.2249e-07  6.3854e-07  4.8594e-07  3.6967e-07  2.8176e-07  2.1651e-07  1.6365e-07  1.2522e-07  9.5453e-08  7.4687e-08  6.0237e-08
    14  1.8404e-03  6.2481e-03  8.9224e-03  1.1354e-02  1.5082e-02  2.1831e-02  2.8160e-02  3.4764e-02  4.0672e-02  4.5190e-02  4.3969e-02  4.0407e-02  3.4214e-02  2.8225e-02  2.2474e-02  1.7324e-02  1.3077e-02  9.5670e-03  7.0236e-03  5.2212e-03  2.0799e-03  3.4947e-04  6.0249e-05  9.9965e-06  2.7934e-06  2.0646e-06  1.6030e-06  1.2707e-06  1.0414e-06  8.5064e-07  6.7571e-07  5.2718e-07  4.1206e-07  3.2280e-07  2.4550e-07  1.8691e-07  1.4193e-07  1.0715e-07  8.2507e-08  6.6956e-08
    15  2.5351e-03  3.5541e-03  5.4031e-03  8.3057e-03  1.1746e-02  1.5290e-02  1.9567e-02  2.3134e-02  2.6077e-02  2.8712e-02  2.9077e-02  2.6966e-02  2.3768e-02  1.9710e-02  1.5934e-02  1.2545e-02  9.7914e-03  7.4933e-03  5.5201e-03  4.1374e-03  1.6699e-03  2.8472e-04  4.8812e-05  8.1008e-06  2.0431e-06  1.5826e-06  1.3723e-06  1.2307e-06  1.0837e-06  9.2241e-07  7.4664e-07  6.0661e-07  4.8833e-07  3.7879e-07  2.8776e-07  2.1379e-07  1.6194e-07  1.2313e-07  9.4968e-08  7.6179e-08
    16  4.3796e-04  2.9330e-03  3.9393e-03  5.8521e-03  8.1945e-03  1.0844e-02  1.3340e-02  1.5155e-02  1.7429e-02  1.8231e-02  1.8639e-02  1.7944e-02  1.5916e-02  1.3741e-02  1.1301e-02  9.1692e-03  7.1492e-03  5.5742e-03  4.3139e-03  3.2432e-03  1.3172e-03  2.2092e-04  3.7613e-05  6.1061e-06  1.3173e-06  1.2810e-06  1.3562e-06  1.3793e-06  1.3044e-06  1.1264e-06  9.2848e-07  7.6030e-07  5.9714e-07  4.5067e-07  3.4073e-07  2.5304e-07  1.8946e-07  1.4210e-07  1.0833e-07  8.5570e-08
    17  4.8627e-04  1.9930e-03  3.1619e-03  4.2509e-03  5.9510e-03  7.6834e-03  9.2151e-03  1.0292e-02  1.1724e-02  1.2176e-02  1.2240e-02  1.1669e-02  1.0702e-02  9.2129e-03  8.0055e-03  6.5980e-03  5.2183e-03  4.1661e-03  3.2289e-03  2.5163e-03  1.0324e-03  1.7493e-04  2.9643e-05  4.5012e-06  5.2725e-07  1.1320e-06  1.6981e-06  1.9304e-06  1.7684e-06  1.5095e-06  1.2766e-06  1.0037e-06  7.5531e-07  5.7110e-07  4.1922e-07  3.0748e-07  2.2128e-07  1.6388e-07  1.2335e-07  9.7715e-08
    18  1.4656e-04  1.3509e-03  2.4136e-03  3.1289e-03  3.9505e-03  5.4546e-03  6.3947e-03  7.0062e-03  7.6889e-03  8.2021e-03  8.3391e-03  7.9883e-03  7.4093e-03  6.3847e-03  5.4508e-03  4.6139e-03  3.8367e-03  3.0105e-03  2.4534e-03  1.9261e-03  7.8393e-04  1.3455e-04  2.3022e-05  3.0129e-06 -3.1365e-08  1.8317e-06  2.9295e-06  3.0211e-06  2.6870e-06  2.2586e-06  1.7478e-06  1.3051e-06  9.7112e-07  6.9561e-07  5.0238e-07  3.6507e-07  2.6414e-07  1.9172e-07  1.4391e-07  1.1148e-07
    19  2.4256e-04  8.7870e-04  1.5598e-03  2.1976e-03  2.9552e-03  3.4520e-03  4.3090e-03  4.7671e-03  5.2237e-03  5.5746e-03  5.5392e-03  5.4443e-03  5.0468e-03  4.4908e-03  3.7863e-03  3.2370e-03  2.6922e-03  2.2373e-03  1.8100e-03  1.4365e-03  6.0769e-04  1.0459e-04  1.8367e-05  2.4981e-06  9.0510e-07  5.0716e-06  5.9189e-06  5.3422e-06  4.3111e-06  3.2240e-06  2.3934e-06  1.7127e-06  1.2384e-06  8.8209e-07  6.1893e-07  4.3414e-07  3.1071e-07  2.2121e-07  1.6163e-07  1.2456e-07
    20  2.6802e-04  6.8852e-04  1.0193e-03  1.5870e-03  2.0304e-03  2.4445e-03  2.8110e-03  3.3807e-03  3.4700e-03  3.5604e-03  3.5917e-03  3.5539e-03  3.3986e-03  3.0310e-03  2.6977e-03  2.2794e-03  1.9174e-03  1.6046e-03  1.3536e-03  1.1082e-03  4.5526e-04  9.0870e-05  2.8965e-05  1.3332e-05  1.4622e-05  1.5951e-05  1.2817e-05  9.2400e-06  6.4804e-06  4.5673e-06  3.1299e-06  2.1876e-06  1.5119e-06  1.0394e-06  7.2001e-07  5.0593e-07  3.5262e-07  2.5114e-07  1.8039e-07  1.3784e-07
    21  1.6045e-04  4.7365e-04  7.2330e-04  9.9816e-04  1.4538e-03  1.6666e-03  1.9615e-03  2.2383e-03  2.3921e-03  2.4620e-03  2.4048e-03  2.4105e-03  2.2478e-03  2.1224e-03  1.8663e-03  1.6188e-03  1.3777e-03  1.1617e-03  9.8249e-04  8.6810e-04  6.3084e-04  3.0853e-04  1.5834e-04  9.0478e-05  5.3961e-05  3.2430e-05  2.0483e-05  1.3410e-05  8.8763e-06  5.8164e-06  3.9253e-06  2.6578e-06  1.8151e-06  1.2393e-06  8.4649e-07  5.7183e-07  3.9558e-07  2.7715e-07  2.0116e-07  1.5269e-07
    22  5.2485e-05  2.7230e-04  5.6336e-04  8.4361e-04  9.9476e-04  1.1591e-03  1.3294e-03  1.4396e-03  1.6164e-03  1.6615e-03  1.6590e-03  1.6101e-03  1.5520e-03  1.4430e-03  1.2915e-03  1.1309e-03  9.9555e-04  8.4212e-04  7.1099e-04  6.1391e-04  5.0956e-04  3.4289e-04  1.9993e-04  1.1460e-04  6.8295e-05  4.1565e-05  2.5749e-05  1.6206e-05  1.0552e-05  6.9244e-06  4.5531e-06  3.0098e-06  2.0163e-06  1.3504e-06  9.1288e-07  6.3015e-07  4.3027e-07  2.9999e-07  2.1582e-07  1.6231e-07
    23  7.2263e-05  1.9012e-04  3.2889e-04  5.2824e-04  6.6188e-04  8.1133e-04  8.8785e-04  1.0046e-03  1.0630e-03  1.1060e-03  1.1398e-03  1.1027e-03  1.0378e-03  9.6928e-04  9.0112e-04  8.0418e-04  6.8601e-04  5.9881e-04  5.1345e-04  4.3150e-04  3.5753e-04  2.7024e-04  1.8201e-04  1.1544e-04  7.2168e-05  4.4393e-05  2.7821e-05  1.7580e-05  1.1327e-05  7.4253e-06  4.9281e-06  3.2456e-06  2.1616e-06  1.4614e-06  9.9432e-07  6.7101e-07  4.6150e-07  3.2097e-07  2.2677e-07  1.6962e-07
    24  3.3605e-05  1.4911e-04  2.6321e-04  3.5692e-04  4.8515e-04  5.7959e-04  6.2371e-04  6.6525e-04  7.1286e-04  7.6372e-04  7.4941e-04  7.5824e-04  7.1975e-04  6.7729e-04  6.1499e-04  5.5991e-04  4.9478e-04  4.2482e-04  3.7270e-04  3.1628e-04  2.5875e-04  2.0152e-04  1.4483e-04  9.9054e-05  6.4735e-05  4.2468e-05  2.7493e-05  1.7983e-05  1.1678e-05  7.6187e-06  4.9685e-06  3.3114e-06  2.2245e-06  1.4810e-06  9.8367e-07  6.6707e-07  4.5703e-07  3.2283e-07  2.2933e-07  1.7165e-07
    25  3.4960e-05  1.1411e-04  1.6175e-04  2.5743e-04  3.3238e-04  3.8881e-04  4.3747e-04  4.5576e-04  5.0849e-04  5.2716e-04  5.2438e-04  5.0756e-04  4.8342e-04  4.4544e-04  4.2559e-04  3.8434e-04  3.4517e-04  3.0058e-04  2.5697e-04  2.2410e-04  1.8583e-04  1.4710e-04  1.1181e-04  8.0852e-05  5.6182e-05  3.7870e-05  2.5349e-05  1.7029e-05  1.1201e-05  7.4171e-06  4.9226e-06  3.2976e-06  2.2028e-06  1.4843e-06  1.0011e-06  6.7809e-07  4.7025e-07  3.2376e-07  2.3048e-07  1.7258e-07
    26  3.6085e-05  9.0909e-05  1.3768e-04  1.6636e-04  2.1203e-04  2.5892e-04  2.8969e-04  3.1306e-04  3.4427e-04  3.5868e-04  3.6215e-04  3.4069e-04  3.3265e-04  3.1229e-04  2.8164e-04  2.6420e-04  2.4113e-04  2.1000e-04  1.8285e-04  1.5665e-04  1.3221e-04  1.0772e-04  8.3924e-05  6.2953e-05  4.5327e-05  3.1805e-05  2.1970e-05  1.4826e-05  9.9799e-06  6.8058e-06  4.6056e-06  3.1050e-06  2.1004e-06  1.4252e-06  9.6169e-07  6.5931e-07  4.4987e-07  3.1172e-07  2.2152e-07  1.6617e-07
    27  1.4132e-05  5.1480e-05  9.9004e-05  1.2205e-04  1.4851e-04  1.7326e-04  2.0444e-04  2.2247e-04  2.3140e-04  2.4479e-04  2.3751e-04  2.3709e-04  2.2671e-04  2.2007e-04  2.0016e-04  1.8236e-04  1.6527e-04  1.5002e-04  1.2790e-04  1.1181e-04  9.5544e-05  7.7039e-05  6.1037e-05  4.7379e-05  3.5091e-05  2.5404e-05  1.8009e-05  1.2679e-05  8.8323e-06  6.0447e-06  4.1288e-06  2.8318e-06  1.9088e-06  1.3009e-06  8.8580e-07  6.1052e-07  4.2610e-07  2.9043e-07  2.0933e-07  1.5891e-07
    28  9.3795e-06  3.6240e-05  6.2421e-05  8.1603e-05  1.0261e-04  1.1561e-04  1.3107e-04  1.4510e-04  1.5722e-04  1.6320e-04  1.6875e-04  1.7113e-04  1.5669e-04  1.4804e-04  1.4053e-04  1.2883e-04  1.1750e-04  1.0425e-04  9.1254e-05  7.8975e-05  6.6244e-05  5.5375e-05  4.4801e-05  3.4677e-05  2.6891e-05  1.9886e-05  1.4282e-05  1.0361e-05  7.3159e-06  5.1669e-06  3.5700e-06  2.4686e-06  1.7225e-06  1.1931e-06  8.2880e-07  5.5842e-07  3.8867e-07  2.7913e-07  1.9943e-07  1.4871e-07
    29  9.2265e-06  2.5043e-05  3.9012e-05  5.8062e-05  7.1112e-05  7.9460e-05  9.3388e-05  9.7101e-05  1.1067e-04  1.1540e-04  1.1367e-04  1.1401e-04  1.1148e-04  1.0419e-04  9.5504e-05  8.9870e-05  7.9713e-05  7.2156e-05  6.4004e-05  5.4929e-05  4.7189e-05  3.9670e-05  3.2400e-05  2.5715e-05  1.9965e-05  1.5257e-05  1.1501e-05  8.3414e-06  5.9621e-06  4.1877e-06  2.9812e-06  2.1143e-06  1.4831e-06  1.0368e-06  7.1957e-07  5.1001e-07  3.5309e-07  2.4954e-07  1.8216e-07  1.3842e-07
    30  8.8372e-06  1.7327e-05  2.7630e-05  3.7482e-05  4.8052e-05  5.3614e-05  6.2875e-05  6.8243e-05  7.0245e-05  7.4333e-05  7.5447e-05  7.6304e-05  7.4587e-05  7.2456e-05  6.7550e-05  6.1095e-05  5.5174e-05  4.8937e-05  4.5041e-05  3.9164e-05  3.3675e-05  2.8346e-05  2.3242e-05  1.8893e-05  1.5007e-05  1.1542e-05  8.8131e-06  6.5712e-06  4.8127e-06  3.4777e-06  2.5025e-06  1.7814e-06  1.2620e-06  8.8961e-07  6.2029e-07  4.3939e-07  3.1248e-07  2.2204e-07  1.6181e-07  1.2369e-07
    31  6.2461e-06  1.3943e-05  1.6901e-05  2.2479e-05  2.9666e-05  3.8056e-05  4.2238e-05  4.5912e-05  4.9154e-05  5.0170e-05  5.2183e-05  5.1894e-05  5.1307e-05  4.8345e-05  4.7093e-05  4.3215e-05  3.9552e-05  3.4866e-05  3.1195e-05  2.8152e-05  2.3858e-05  2.0422e-05  1.6756e-05  1.3678e-05  1.0913e-05  8.5645e-06  6.6143e-06  5.0472e-06  3.7418e-06  2.7697e-06  2.0257e-06  1.4577e-06  1.0338e-06  7.3905e-07  5.3283e-07  3.7173e-07  2.6732e-07  1.9270e-07  1.4407e-07  1.1209e-07
    32  3.3067e-06  9.6087e-06  1.4394e-05  1.6378e-05  1.8997e-05  2.5385e-05  2.9130e-05  3.1066e-05  3.2844e-05  3.3656e-05  3.4249e-05  3.4655e-05  3.4500e-05  3.3317e-05  3.0922e-05  2.9385e-05  2.7357e-05  2.4708e-05  2.1704e-05  1.9179e-05  1.6770e-05  1.4265e-05  1.2023e-05  9.9195e-06  7.9916e-06  6.4328e-06  4.9639e-06  3.7993e-06  2.8489e-06  2.1516e-06  1.6130e-06  1.1711e-06  8.4916e-07  6.0715e-07  4.3715e-07  3.1917e-07  2.2854e-07  1.6580e-07  1.2259e-07  9.5177e-08
    33  1.2124e-06  4.0965e-06  8.9256e-06  1.2473e-05  1.4174e-05  1.6824e-05  1.9662e-05  2.0530e-05  2.2636e-05  2.3439e-05  2.3864e-05  2.3633e-05  2.2987e-05  2.2778e-05  2.2019e-05  2.0161e-05  1.8240e-05  1.6867e-05  1.5291e-05  1.3501e-05  1.1793e-05  1.0107e-05  8.5090e-06  7.0351e-06  5.7021e-06  4.5335e-06  3.6710e-06  2.8735e-06  2.2322e-06  1.6744e-06  1.2606e-06  9.3767e-07  6.8779e-07  5.0347e-07  3.6204e-07  2.6270e-07  1.9353e-07  1.4121e-07  1.0456e-07  8.2439e-08
    34  1.3845e-06  3.5310e-06  5.2847e-06  8.2462e-06  9.3618e-06  1.0731e-05  1.2203e-05  1.4520e-05  1.5288e-05  1.5710e-05  1.6229e-05  1.6408e-05  1.5934e-05  1.5495e-05  1.4972e-05  1.4158e-05  1.2573e-05  1.1605e-05  1.0427e-05  9.4241e-06  8.0931e-06  7.2309e-06  6.0437e-06  5.1223e-06  4.2138e-06  3.4282e-06  2.7118e-06  2.1379e-06  1.6498e-06  1.2921e-06  9.8286e-07  7.4278e-07  5.5004e-07  4.0484e-07  2.9880e-07  2.1717e-07  1.5852e-07  1.1772e-07  8.9566e-08  7.0288e-08
    35  1.1952e-06  2.7053e-06  3.8235e-06  4.8455e-06  6.6015e-06  7.9015e-06  8.7493e-06  9.3644e-06  1.0509e-05  1.0942e-05  1.1160e-05  1.1333e-05  1.1025e-05  1.0407e-05  1.0022e-05  9.4035e-06  8.9012e-06  8.1255e-06  7.5375e-06  6.7480e-06  5.8683e-06  4.9890e-06  4.2902e-06  3.6669e-06  3.0205e-06  2.4252e-06  1.9827e-06  1.5680e-06  1.2529e-06  9.6202e-07  7.4119e-07  5.6558e-07  4.3631e-07  3.2387e-07  2.3827e-07  1.7417e-07  1.2755e-07  9.5025e-08  7.2689e-08  5.8331e-08
    36  2.2697e-07  1.6360e-06  2.6353e-06  3.5545e-06  4.3885e-06  5.2937e-06  6.1704e-06  6.5138e-06  6.5431e-06  7.5323e-06  7.7873e-06  7.6921e-06  7.6099e-06  7.4302e-06  6.9888e-06  6.5220e-06  6.0759e-06  5.7127e-06  5.3117e-06  4.6863e-06  4.1440e-06  3.5791e-06  3.0845e-06  2.5881e-06  2.1751e-06  1.8011e-06  1.4620e-06  1.1664e-06  9.1908e-07  7.2686e-07  5.6473e-07  4.3684e-07  3.2362e-07  2.4516e-07  1.8685e-07  1.3996e-07  1.0395e-07  7.7589e-08  5.9366e-08  4.7742e-08
    37  1.9901e-07  1.0462e-06  1.8797e-06  2.3843e-06  3.1034e-06  3.8045e-06  4.2214e-06  4.3584e-06  4.7391e-06  4.9464e-06  5.2544e-06  5.1864e-06  5.1595e-06  5.0818e-06  4.8714e-06  4.5401e-06  4.1851e-06  3.9027e-06  3.6309e-06  3.2631e-06  2.8739e-06  2.4925e-06  2.1486e-06  1.8231e-06  1.5495e-06  1.2859e-06  1.0509e-06  8.4713e-07  6.6573e-07  5.2341e-07  4.1723e-07  3.2075e-07  2.4546e-07  1.8579e-07  1.4145e-07  1.0604e-07  8.0818e-08  6.1791e-08  4.7321e-08  3.7836e-08
    38  9.0339e-08  4.9328e-07  1.1967e-06  1.4351e-06  2.0905e-06  2.4791e-06  2.7861e-06  3.0365e-06  3.2588e-06  3.2911e-06  3.3856e-06  3.5402e-06  3.4588e-06  3.5867e-06  3.3670e-06  2.9984e-06  2.8092e-06  2.6411e-06  2.4376e-06  2.2352e-06  1.9307e-06  1.7521e-06  1.4612e-06  1.2669e-06  1.0642e-06  9.0683e-07  7.5159e-07  6.0018e-07  4.7741e-07  3.7628e-07  2.9589e-07  2.3387e-07  1.8134e-07  1.3861e-07  1.0437e-07  8.0040e-08  6.0235e-08  4.6751e-08  3.6127e-08  2.9232e-08
    39  3.0306e-07  4.8879e-07  6.9879e-07  1.1283e-06  1.3532e-06  1.6025e-06  1.7168e-06  1.9644e-06  2.0817e-06  2.1746e-06  2.2724e-06  2.3062e-06  2.3034e-06  2.2681e-06  2.1267e-06  2.0106e-06  1.8883e-06  1.7628e-06  1.5865e-06  1.4312e-06  1.2921e-06  1.1311e-06  1.0018e-06  8.5368e-07  7.2462e-07  5.8915e-07  5.0157e-07  4.1927e-07  3.3213e-07  2.6404e-07  2.0890e-07  1.6165e-07  1.2701e-07  9.8323e-08  7.5903e-08  5.7481e-08  4.4114e-08  3.3597e-08  2.6122e-08  2.1348e-08
    40  5.4950e-08  2.6350e-07  4.8239e-07  7.0957e-07  8.5687e-07  8.7266e-07  1.0303e-06  1.1696e-06  1.2989e-06  1.3617e-06  1.4104e-06  1.3686e-06  1.3851e-06  1.3778e-06  1.3647e-06  1.3141e-06  1.1913e-06  1.0812e-06  9.9503e-07  9.1836e-07  8.0202e-07  6.9472e-07  6.2407e-07  5.3079e-07  4.5697e-07  3.7117e-07  3.0981e-07  2.6147e-07  2.1132e-07  1.6834e-07  1.3566e-07  1.0768e-07  8.3999e-08  6.4715e-08  4.9391e-08  3.8334e-08  2.9114e-08  2.2207e-08  1.7573e-08  1.4250e-08
