 iy/ix           1           2           3           4           5           6           7           8           9          10          11          12          13          14          15          16          17          18          19          20          21          22          23          24          25          26          27          28          29          30          31          32          33          34          35          36          37          38          39          40
     1  9.5254e-03  1.4941e-02  5.7698e-03  2.1946e-03  8.0051e-03  2.2568e-03  3.1180e-03  8.2913e-03  3.3559e-03  5.3237e-03  3.7851e-03  1.5581e-03  9.4846e-04  1.8864e-03  1.6993e-03  4.9343e-04  2.4589e-04  4.7631e-04  2.6281e-04  3.1422e-04  1.1114e-05  2.2155e-06  7.3197e-07  3.2770e-07  1.3272e-08  8.1146e-08  4.8273e-08  3.2443e-08  2.9249e-09  1.1148e-08  1.5411e-08  1.4350e-08  7.2937e-09  2.5250e-09  8.6621e-10  4.0191e-10  1.4807e-09  1.9641e-10  8.6819e-11  2.1218e-10
     2  2.8813e-02  2.1820e-02  1.0501e-02  2.3108e-02  1.3461e-02  1.8269e-02  1.1462e-02  9.7349e-03  1.1438e-02  1.2352e-02  1.0923e-02  5.3980e-03  6.4589e-03  4.4940e-03  3.0197e-03  2.3605e-03  1.7635e-03  1.1616e-03  9.9501e-04  5.7373e-04  1.5199e-04  1.5007e-05  6.4845e-08 -8.8063e-08  1.1802e-07  1.5175e-07  1.2361e-07  7.5087e-08  5.9762e-08  5.5389e-08  3.3991e-08  2.8915e-08  1.7615e-08  9.4055e-09  4.3386e-09  3.4577e-09  3.0245e-09  1.1208e-09  1.3624e-09  4.6417e-10
     3  4.0220e-02  3.5068e-02  2.6188e-02  3.7861e-02  2.6366e-02  4.3664e-02  2.6038e-02  1.2271e-02  2.1598e-02  1.7087e-02  1.3780e-02  1.3123e-02  1.0489e-02  8.2324e-03  4.9027e-03  4.4932e-03  3.2648e-03  2.2614e-03  1.6159e-03  1.0202e-03  2.2663e-04  2.6034e-05  1.9819e-06  5.7044e-07  1.8430e-07  2.8181e-07  2.4133e-07  1.6075e-07  1.0226e-07  8.6952e-08  5.3505e-08  4.0999e-08  2.6086e-08  1.3882e-08  1.0451e-08  6.7917e-09  4.1373e-09  2.5512e-09  1.8291e-09  9.6440e-10
     4  6.1355e-02  5.4849e-02  4.7177e-02  5.4628e-02  4.7255e-02  5.8175e-02  3.6971e-02  4.0880e-02  3.3686e-02  2.5470e-02  2.4066e-02  2.0669e-02  1.4440e-02  1.1264e-02  8.8547e-03  6.3118e-03  4.3461e-03  2.8965e-03  2.3511e-03  1.6131e-03  2.6119e-04  2.4718e-05  3.7970e-06  5.8763e-07  5.5268e-07  3.9772e-07  2.9991e-07  2.6778e-07  1.7341e-07  1.2188e-07  8.5335e-08  5.8386e-08  3.3594e-08  1.7925e-08  1.3304e-08  8.5650e-09  5.1268e-09  2.6212e-09  2.0292e-09  1.4790e-09
     5  7.8746e-02  7.9269e-02  7.6705e-02  8.4191e-02  6.7815e-02  7.5624e-02  6.6283e-02  5.3764e-02  5.5531e-02  4.1619e-02  3.8556e-02  2.8033e-02  2.1614e-02  1.6206e-02  1.1181e-02  7.9177e-03  5.7228e-03  3.8361e-03  2.9608e-03  2.0385e-03  3.5501e-04  3.4869e-05  3.1747e-06  9.1011e-07  7.1638e-07  5.1417e-07  3.9949e-07  3.0234e-07  2.2390e-07  1.5877e-07  9.9026e-08  5.9171e-08  4.0254e-08  2.4862e-08  1.5601e-08  8.6952e-09  5.7606e-09  3.4454e-09  2.0994e-09  1.1175e-09
     6  1.1631e-01  1.1303e-01  1.0973e-01  1.1918e-01  1.0114e-01  1.0476e-01  9.8021e-02  9.1508e-02  7.5400e-02  5.9147e-02  5.2502e-02  3.9977e-02  2.9125e-02  2.1233e-02  1.4648e-02  1.0073e-02  7.0398e-03  5.1825e-03  3.4716e-03  2.3382e-03  4.5247e-04  4.0032e-05  3.8492e-06  1.1117e-06  7.2509e-07  7.3816e-07  5.4499e-07  3.7426e-07  2.5169e-07  1.6685e-07  1.0116e-07  6.5005e-08  4.4964e-08  2.8052e-08  1.5539e-08  8.9897e-09  4.6920e-09  2.9342e-09  1.6028e-09  3.7842e-10
     7  1.6380e-01  1.6332e-01  1.6806e-01  1.5707e-01  1.5448e-01  1.5144e-01  1.4206e-01  1.3678e-01  1.1068e-01  8.9820e-02  7.3337e-02  5.3665e-02  3.9360e-02  2.7229e-02  1.9080e-02  1.2797e-02  8.9202e-03  6.0066e-03  4.0692e-03  2.5792e-03  4.9476e-04  5.3727e-05  7.4811e-06  1.1153e-06  8.5308e-07  7.9694e-07  5.8916e-07  4.1348e-07  2.8907e-07  1.8144e-07  1.1845e-07  7.2528e-08  4.3059e-08  2.6405e-08  1.4106e-08  9.2179e-09  4.0608e-09  1.4663e-09  6.5701e-10  1.9411e-11
     8  2.3877e-01  2.3656e-01  2.4665e-01  2.3405e-01  2.1845e-01  2.1928e-01  2.1353e-01  1.9594e-01  1.7676e-01  1.2804e-01  1.0233e-01  7.2710e-02  5.2095e-02  3.3734e-02  2.3255e-02  1.4851e-02  1.0223e-02  6.9601e-03  4.6023e-03  3.0469e-03  6.2434e-04  5.0106e-05  8.6808e-06  1.1800e-06  9.6500e-07  8.9619e-07  5.9947e-07  4.2105e-07  2.9981e-07  1.9289e-07  1.1687e-07  7.5082e-08  3.9418e-08  2.3171e-08  1.2958e-08  6.0419e-09  1.5715e-09 -1.3063e-10 -7.1185e-10 -9.6693e-10
     9  3.4425e-01  3.4397e-01  3.3959e-01  3.3990e-01  3.3265e-01  3.3527e-01  3.1033e-01  2.8852e-01  2.5756e-01  2.0348e-01  1.4591e-01  9.7474e-02  6.1092e-02  4.0099e-02  2.6118e-02  1.7519e-02  1.1595e-02  7.6806e-03  5.1524e-03  3.3459e-03  6.5362e-04  5.7407e-05  7.8323e-06  1.1799e-06  9.8797e-07  8.6884e-07  6.3205e-07  4.1103e-07  2.8764e-07  1.7791e-07  1.0752e-07  5.9243e-08  3.3381e-08  1.7104e-08  6.7727e-09  5.2288e-10 -2.1483e-09 -1.9461e-09 -2.6526e-09 -1.9295e-09
    10  5.0836e-01  5.0087e-01  5.0324e-01  5.0013e-01  4.9846e-01  4.8730e-01  4.6226e-01  4.3999e-01  3.9622e-01  3.1884e-01  1.9338e-01  1.1560e-01  6.9390e-02  4.4770e-02  2.8071e-02  1.8723e-02  1.2458e-02  8.3338e-03  5.3755e-03  3.4529e-03  6.8341e-04  6.2482e-05  8.4840e-06  1.4677e-06  9.7764e-07  8.0608e-07  6.0119e-07  4.0863e-07  2.4632e-07  1.4704e-07  7.9049e-08  3.8732e-08  1.2879e-08  2.4468e-09 -3.4953e-09 -6.7197e-09 -7.0878e-09 -6.2691e-09 -4.5512e-09 -3.2682e-09
    11  5.0635e-01  5.0088e-01  5.0589e-01  4.9871e-01  4.9283e-01  4.8412e-01  4.6454e-01  4.3970e-01  3.9605e-01  3.1376e-01  1.9312e-01  1.1474e-01  7.0550e-02  4.4282e-02  2.8274e-02  1.8894e-02  1.2348e-02  8.1413e-03  5.4808e-03  3.5876e-03  6.8412e-04  5.6836e-05  7.1794e-06  1.4087e-06  9.0498e-07  7.5624e-07  5.3359e-07  3.1848e-07  1.7360e-07  8.1554e-08  3.3113e-08 -3.0492e-09 -1.2261e-08 -1.7049e-08 -1.8953e-08 -1.6266e-08 -1.5290e-08 -1.1800e-08 -8.1699e-09 -5.8195e-09
    12  3.4584e-01  3.4308e-01  3.4518e-01  3.3686e-01  3.3203e-01  3.2913e-01  3.0802e-01  2.8803e-01  2.5652e-01  2.0179e-01  1.4534e-01  9.5155e-02  6.3950e-02  4.1607e-02  2.6999e-02  1.7564e-02  1.1817e-02  7.8814e-03  5.1066e-03  3.4017e-03  6.7765e-04  5.9791e-05  9.2178e-06  1.3863e-06  7.7982e-07  6.6407e-07  3.9612e-07  1.7160e-07  5.8254e-08 -5.9682e-09 -4.4363e-08 -6.1889e-08 -5.1970e-08 -4.6618e-08 -4.1127e-08 -3.2011e-08 -2.4792e-08 -1.8642e-08 -1.2445e-08 -8.3621e-09
    13  2.3997e-01  2.3839e-01  2.3362e-01  2.3072e-01  2.2639e-01  2.2350e-01  2.0580e-01  1.9173e-01  1.7015e-01  1.3725e-01  1.0398e-01  7.3903e-02  5.1917e-02  3.5261e-02  2.3978e-02  1.5987e-02  1.0724e-02  7.2531e-03  4.8781e-03  3.1279e-03  6.0334e-04  5.3922e-05  8.4818e-06  1.1644e-06  5.9802e-07  4.3046e-07  1.7567e-07 -2.3962e-08 -1.1194e-07 -1.4690e-07 -1.4311e-07 -1.3435e-07 -1.0819e-07 -8.9904e-08 -7.0867e-08 -5.0087e-08 -3.7459e-08 -2.6432e-08 -1.7419e-08 -1.1060e-08
    14  1.6611e-01  1.6358e-01  1.6025e-01  1.5939e-01  1.5486e-01  1.5105e-01  1.3962e-01  1.2825e-01  1.1347e-01  9.4818e-02  7.4232e-02  5.5954e-02  3.9656e-02  2.8438e-02  2.0012e-02  1.3838e-02  9.5114e-03  6.4411e-03  4.3331e-03  2.8635e-03  5.4657e-04  4.8138e-05  7.0737e-06  9.9046e-07  2.5538e-07  4.6213e-08 -1.8387e-07 -3.4155e-07 -3.6442e-07 -3.4290e-07 -2.8142e-07 -2.2932e-07 -1.7933e-07 -1.4018e-07 -1.0104e-07 -7.1812e-08 -4.9986e-08 -3.4758e-08 -2.2815e-08 -1.4040e-08
    15  1.1305e-01  1.1416e-01  1.0994e-01  1.0921e-01  1.0637e-01  1.0240e-01  9.4935e-02  8.6626e-02  7.7133e-02  6.5628e-02  5.3377e-02  4.0899e-02  3.0293e-02  2.2163e-02  1.6198e-02  1.1457e-02  7.9521e-03  5.6206e-03  3.7744e-03  2.5220e-03  4.8008e-04  4.6205e-05  6.9148e-06  1.0108e-06 -2.2512e-07 -5.6489e-07 -7.7091e-07 -8.0669e-07 -7.5528e-07 -6.0457e-07 -4.6466e-07 -3.5229e-07 -2.6750e-07 -1.9174e-07 -1.3455e-07 -9.3383e-08 -6.3565e-08 -4.2420e-08 -2.7579e-08 -1.7220e-08
    16  7.7690e-02  7.9102e-02  7.6141e-02  7.4780e-02  7.3283e-02  6.9686e-02  6.4717e-02  5.9360e-02  5.2982e-02  4.4948e-02  3.7660e-02  2.9408e-02  2.2749e-02  1.6995e-02  1.2629e-02  9.2409e-03  6.4469e-03  4.6932e-03  3.2497e-03  2.1269e-03  4.1871e-04  3.5933e-05  5.4744e-06  6.8624e-07 -1.0303e-06 -1.5185e-06 -1.6778e-06 -1.5272e-06 -1.2740e-06 -9.3606e-07 -6.9329e-07 -5.1453e-07 -3.6131e-07 -2.4735e-07 -1.6682e-07 -1.1254e-07 -7.9672e-08 -5.0956e-08 -3.2668e-08 -1.9650e-08
    17  5.4125e-02  5.4518e-02  5.3171e-02  5.1824e-02  5.0577e-02  4.7703e-02  4.4567e-02  4.0308e-02  3.6289e-02  3.1170e-02  2.6572e-02  2.1006e-02  1.6744e-02  1.2579e-02  9.6517e-03  7.2500e-03  5.1598e-03  3.8268e-03  2.6867e-03  1.7677e-03  3.4844e-04  3.0668e-05  4.2855e-06  2.6252e-07 -2.4098e-06 -3.2227e-06 -3.0787e-06 -2.5627e-06 -1.9015e-06 -1.3515e-06 -9.8006e-07 -6.7188e-07 -4.4695e-07 -3.0813e-07 -2.0488e-07 -1.3293e-07 -8.8006e-08 -5.6239e-08 -3.5852e-08 -2.1984e-08
    18  3.7959e-02  3.7430e-02  3.6914e-02  3.6145e-02  3.4462e-02  3.2560e-02  3.1207e-02  2.7574e-02  2.5072e-02  2.1806e-02  1.8584e-02  1.5266e-02  1.2203e-02  9.3029e-03  7.1437e-03  5.5164e-03  4.1235e-03  3.0049e-03  2.1908e-03  1.4818e-03  2.8367e-04  2.2995e-05  2.6029e-06 -5.2154e-07 -5.0048e-06 -6.1200e-06 -5.2561e-06 -3.8352e-06 -2.7073e-06 -1.8419e-06 -1.2326e-06 -7.9996e-07 -5.3116e-07 -3.4881e-07 -2.2624e-07 -1.4882e-07 -9.5292e-08 -6.0538e-08 -3.9453e-08 -2.2925e-08
    19  2.6090e-02  2.5915e-02  2.5517e-02  2.5154e-02  2.3869e-02  2.2235e-02  2.1366e-02  1.9276e-02  1.7248e-02  1.5089e-02  1.3035e-02  1.0896e-02  8.8583e-03  7.0388e-03  5.3457e-03  4.1289e-03  3.1781e-03  2.3421e-03  1.7536e-03  1.1819e-03  2.2882e-04  1.4316e-05 -2.1153e-06 -3.3576e-06 -1.0656e-05 -1.0965e-05 -7.8822e-06 -5.3652e-06 -3.4698e-06 -2.2167e-06 -1.3935e-06 -8.9236e-07 -5.7189e-07 -3.7043e-07 -2.4412e-07 -1.5390e-07 -9.7770e-08 -6.2481e-08 -3.9112e-08 -2.1963e-08
    20  1.7813e-02  1.8047e-02  1.7660e-02  1.7304e-02  1.6466e-02  1.5381e-02  1.4753e-02  1.3461e-02  1.1938e-02  1.0561e-02  8.9994e-03  7.7777e-03  6.4159e-03  5.1373e-03  3.9942e-03  3.0939e-03  2.4048e-03  1.7996e-03  1.3705e-03  9.6834e-04  1.6258e-04 -2.5487e-05 -2.8745e-05 -1.9183e-05 -2.3196e-05 -1.6889e-05 -1.0353e-05 -6.1340e-06 -3.8193e-06 -2.3573e-06 -1.4139e-06 -9.1559e-07 -5.6825e-07 -3.5923e-07 -2.2378e-07 -1.4725e-07 -9.2260e-08 -5.8730e-08 -3.6233e-08 -2.1208e-08
    21  1.2242e-02  1.2474e-02  1.2252e-02  1.2028e-02  1.1232e-02  1.0698e-02  9.9564e-03  9.2525e-03  8.3801e-03  7.4133e-03  6.2802e-03  5.5279e-03  4.5208e-03  3.7704e-03  2.9615e-03  2.3266e-03  1.7980e-03  1.3568e-03  1.0293e-03  7.5204e-04  2.4827e-04 -1.6516e-05 -4.3315e-05 -3.4333e-05 -2.4844e-05 -1.5306e-05 -9.1433e-06 -5.5194e-06 -3.3552e-06 -2.0693e-06 -1.2669e-06 -7.8461e-07 -5.0018e-07 -3.2056e-07 -1.9884e-07 -1.2690e-07 -8.2015e-08 -5.1346e-08 -3.1285e-08 -1.7477e-08
    22  8.4768e-03  8.5828e-03  8.5391e-03  8.2508e-03  7.7607e-03  7.3828e-03  6.9227e-03  6.3536e-03  5.9099e-03  5.1063e-03  4.4916e-03  3.8258e-03  3.2282e-03  2.7117e-03  2.1931e-03  1.7070e-03  1.3437e-03  1.0310e-03  7.7448e-04  5.4674e-04  3.0813e-04  9.8751e-05  1.6514e-05 -6.7569e-06 -1.0119e-05 -7.9824e-06 -5.6493e-06 -3.6907e-06 -2.2812e-06 -1.4322e-06 -9.2895e-07 -5.8098e-07 -3.7221e-07 -2.3236e-07 -1.5040e-07 -9.5484e-08 -5.8181e-08 -3.9863e-08 -2.6055e-08 -1.3851e-08
    23  5.9200e-03  5.9649e-03  5.8121e-03  5.6829e-03  5.4496e-03  5.1009e-03  4.7953e-03  4.4242e-03  4.1000e-03  3.5784e-03  3.1715e-03  2.7145e-03  2.3001e-03  1.9216e-03  1.5909e-03  1.2631e-03  9.8967e-04  7.7725e-04  5.8363e-04  4.1712e-04  2.6014e-04  1.3550e-04  5.7928e-05  1.9282e-05  5.2332e-06  4.5210e-07 -1.0113e-06 -1.1317e-06 -1.0104e-06 -6.3620e-07 -4.6110e-07 -3.1935e-07 -1.9682e-07 -1.4353e-07 -8.7086e-08 -5.8228e-08 -3.1404e-08 -2.4367e-08 -1.4986e-08 -8.6391e-09
    24  4.1273e-03  4.1508e-03  3.9666e-03  3.9465e-03  3.7397e-03  3.5508e-03  3.3218e-03  3.0616e-03  2.8491e-03  2.4980e-03  2.2028e-03  1.9146e-03  1.6232e-03  1.3868e-03  1.1433e-03  9.3583e-04  7.3238e-04  5.6629e-04  4.4100e-04  3.2414e-04  2.1215e-04  1.3012e-04  7.0745e-05  3.4544e-05  1.5703e-05  7.2329e-06  3.2570e-06  1.1718e-06  4.8244e-07  1.4834e-07  2.3105e-08  6.5982e-09 -2.4169e-08 -3.6642e-08 -2.8110e-08 -1.4641e-08 -1.1495e-08 -7.0213e-09 -4.5785e-09 -2.6171e-09
    25  2.8814e-03  2.8328e-03  2.7700e-03  2.6919e-03  2.6047e-03  2.4554e-03  2.2967e-03  2.1172e-03  1.9766e-03  1.7479e-03  1.5523e-03  1.3420e-03  1.1507e-03  9.8056e-04  8.2530e-04  6.7076e-04  5.4594e-04  4.2454e-04  3.2525e-04  2.4563e-04  1.7091e-04  1.1228e-04  6.8425e-05  3.9266e-05  2.1348e-05  1.1380e-05  5.9868e-06  3.1768e-06  1.6592e-06  8.9541e-07  5.0993e-07  2.5491e-07  1.7040e-07  8.6647e-08  5.2281e-08  2.3939e-08  1.2882e-08  8.6009e-09  6.2943e-09  3.8262e-09
    26  2.0013e-03  1.9738e-03  1.9056e-03  1.8601e-03  1.7992e-03  1.7097e-03  1.6007e-03  1.4796e-03  1.3674e-03  1.2213e-03  1.0931e-03  9.4511e-04  8.2771e-04  6.9220e-04  5.8270e-04  4.8689e-04  3.9524e-04  3.1352e-04  2.4425e-04  1.8355e-04  1.3482e-04  9.2207e-05  6.0081e-05  3.7823e-05  2.2742e-05  1.3403e-05  7.6449e-06  4.3674e-06  2.5860e-06  1.4821e-06  8.4053e-07  4.9639e-07  3.2159e-07  1.8725e-07  1.1238e-07  6.3769e-08  3.9249e-08  2.3926e-08  1.5324e-08  1.0435e-08
    27  1.3794e-03  1.3572e-03  1.3218e-03  1.3051e-03  1.2190e-03  1.1767e-03  1.1136e-03  1.0360e-03  9.4974e-04  8.5659e-04  7.7034e-04  6.6687e-04  5.7891e-04  4.9922e-04  4.2158e-04  3.4604e-04  2.8545e-04  2.3320e-04  1.7921e-04  1.3845e-04  1.0456e-04  7.2978e-05  5.0304e-05  3.3834e-05  2.1639e-05  1.3232e-05  8.3279e-06  5.0455e-06  3.0291e-06  1.7718e-06  1.1217e-06  6.8081e-07  4.2413e-07  2.5678e-07  1.6504e-07  9.7446e-08  6.7551e-08  3.8570e-08  2.3901e-08  1.4446e-08
    28  9.5437e-04  9.3683e-04  9.1933e-04  9.0145e-04  8.5019e-04  8.1504e-04  7.7137e-04  7.1686e-04  6.6983e-04  5.9160e-04  5.4432e-04  4.7517e-04  4.0923e-04  3.5351e-04  3.0052e-04  2.5075e-04  2.0655e-04  1.6879e-04  1.3369e-04  1.0368e-04  7.8771e-05  5.6712e-05  4.0987e-05  2.8007e-05  1.9198e-05  1.2498e-05  7.9934e-06  5.0635e-06  3.1420e-06  2.0078e-06  1.2287e-06  7.8305e-07  5.0982e-07  3.1159e-07  2.0308e-07  1.2112e-07  7.9576e-08  5.1947e-08  3.1418e-08  1.8146e-08
    29  6.6201e-04  6.4270e-04  6.3313e-04  6.2170e-04  5.9195e-04  5.6875e-04  5.3993e-04  4.9572e-04  4.7068e-04  4.1703e-04  3.7847e-04  3.3455e-04  2.9207e-04  2.5203e-04  2.1325e-04  1.8116e-04  1.4780e-04  1.2390e-04  9.9314e-05  7.6176e-05  5.9283e-05  4.3868e-05  3.2538e-05  2.3036e-05  1.5960e-05  1.0906e-05  7.2959e-06  4.6607e-06  3.1014e-06  1.9887e-06  1.2747e-06  8.3695e-07  5.2880e-07  3.4277e-07  2.1864e-07  1.4343e-07  8.9638e-08  5.8207e-08  3.7028e-08  2.2036e-08
    30  4.5981e-04  4.4147e-04  4.3659e-04  4.2860e-04  4.1113e-04  4.0000e-04  3.7101e-04  3.4655e-04  3.2527e-04  2.8942e-04  2.6507e-04  2.3501e-04  2.0707e-04  1.7962e-04  1.5317e-04  1.2835e-04  1.0720e-04  8.8987e-05  7.3151e-05  5.6702e-05  4.4388e-05  3.3742e-05  2.5193e-05  1.8375e-05  1.3079e-05  9.0847e-06  6.2472e-06  4.1968e-06  2.8300e-06  1.8900e-06  1.2184e-06  7.8819e-07  5.4189e-07  3.4772e-07  2.2310e-07  1.4919e-07  9.6495e-08  6.2497e-08  3.9041e-08  2.4027e-08
    31  3.1411e-04  3.0946e-04  3.0526e-04  2.9258e-04  2.8565e-04  2.7611e-04  2.5653e-04  2.4046e-04  2.2613e-04  2.0221e-04  1.8512e-04  1.6457e-04  1.4590e-04  1.2706e-04  1.0936e-04  9.1112e-05  7.8167e-05  6.4247e-05  5.2693e-05  4.2164e-05  3.2888e-05  2.5808e-05  1.9304e-05  1.4289e-05  1.0359e-05  7.5936e-06  5.2270e-06  3.6201e-06  2.4746e-06  1.7097e-06  1.1258e-06  7.6347e-07  5.0743e-07  3.3499e-07  2.2285e-07  1.4722e-07  9.7691e-08  6.2386e-08  4.0875e-08  2.5169e-08
    32  2.1511e-04  2.1657e-04  2.1174e-04  2.0336e-04  1.9582e-04  1.9168e-04  1.7703e-04  1.6835e-04  1.5588e-04  1.4355e-04  1.2829e-04  1.1559e-04  1.0295e-04  8.9929e-05  7.6956e-05  6.5237e-05  5.6316e-05  4.6938e-05  3.7826e-05  3.0923e-05  2.4614e-05  1.9158e-05  1.4714e-05  1.1142e-05  8.0803e-06  6.0815e-06  4.2876e-06  3.0952e-06  2.0910e-06  1.4844e-06  1.0251e-06  6.9482e-07  4.6703e-07  3.1102e-07  2.0745e-07  1.4385e-07  9.2817e-08  6.1272e-08  3.9209e-08  2.4344e-08
    33  1.4898e-04  1.4938e-04  1.4569e-04  1.4276e-04  1.3701e-04  1.3074e-04  1.2517e-04  1.1671e-04  1.0901e-04  1.0008e-04  9.0841e-05  8.0926e-05  7.1745e-05  6.4055e-05  5.4769e-05  4.7018e-05  3.9743e-05  3.4421e-05  2.7676e-05  2.2481e-05  1.8181e-05  1.4258e-05  1.1129e-05  8.5485e-06  6.3349e-06  4.7159e-06  3.4461e-06  2.5012e-06  1.7935e-06  1.2626e-06  8.8093e-07  6.0946e-07  4.1914e-07  2.8541e-07  1.9172e-07  1.3364e-07  8.8016e-08  5.9440e-08  3.7780e-08  2.3175e-08
    34  1.0365e-04  1.0306e-04  1.0125e-04  9.8528e-05  9.7407e-05  9.0108e-05  8.5724e-05  8.2756e-05  7.6189e-05  6.9899e-05  6.3665e-05  5.7592e-05  5.0645e-05  4.4771e-05  3.9283e-05  3.3706e-05  2.8470e-05  2.4682e-05  2.0319e-05  1.6292e-05  1.3187e-05  1.0651e-05  8.3800e-06  6.4500e-06  4.9236e-06  3.6708e-06  2.7197e-06  2.0088e-06  1.4347e-06  1.0560e-06  7.4973e-07  5.2959e-07  3.7309e-07  2.5479e-07  1.7445e-07  1.1823e-07  8.0634e-08  5.5288e-08  3.6145e-08  2.1898e-08
    35  7.1525e-05  7.1973e-05  6.9823e-05  6.8614e-05  6.7276e-05  6.3391e-05  5.9688e-05  5.6449e-05  5.3381e-05  4.9281e-05  4.4955e-05  4.0549e-05  3.6095e-05  3.1850e-05  2.7638e-05  2.3880e-05  2.0622e-05  1.7584e-05  1.4739e-05  1.1867e-05  9.7341e-06  7.8643e-06  6.2006e-06  4.9008e-06  3.7936e-06  2.8466e-06  2.1561e-06  1.5682e-06  1.1719e-06  8.6127e-07  6.2356e-07  4.4577e-07  3.1688e-07  2.2670e-07  1.5445e-07  1.0729e-07  7.3547e-08  4.9871e-08  3.3230e-08  2.0498e-08
    36  4.9751e-05  5.0022e-05  4.9159e-05  4.7337e-05  4.6590e-05  4.4565e-05  4.1927e-05  3.9450e-05  3.7414e-05  3.4816e-05  3.1638e-05  2.8441e-05  2.5711e-05  2.2825e-05  1.9494e-05  1.6891e-05  1.4911e-05  1.2712e-05  1.0610e-05  8.7295e-06  7.1994e-06  5.8604e-06  4.6138e-06  3.6994e-06  2.9040e-06  2.2102e-06  1.6990e-06  1.2589e-06  9.2626e-07  7.1038e-07  5.0828e-07  3.7658e-07  2.6766e-07  1.9279e-07  1.3606e-07  9.6489e-08  6.6830e-08  4.4756e-08  2.9487e-08  1.8237e-08
    37  3.4827e-05  3.5181e-05  3.4418e-05  3.3714e-05  3.2501e-05  3.0959e-05  2.9475e-05  2.7953e-05  2.6569e-05  2.4428e-05  2.2434e-05  2.0058e-05  1.8348e-05  1.6287e-05  1.4104e-05  1.2124e-05  1.0790e-05  9.1591e-06  7.7536e-06  6.4117e-06  5.3374e-06  4.3181e-06  3.4972e-06  2.7934e-06  2.2163e-06  1.7022e-06  1.3391e-06  9.9708e-07  7.5220e-07  5.7043e-07  4.2318e-07  3.1389e-07  2.2584e-07  1.6417e-07  1.1887e-07  8.3680e-08  5.9444e-08  4.0577e-08  2.7159e-08  1.6407e-08
    38  2.4974e-05  2.4672e-05  2.4517e-05  2.4155e-05  2.2692e-05  2.1973e-05  2.1247e-05  1.9918e-05  1.8812e-05  1.7482e-05  1.5980e-05  1.4569e-05  1.3112e-05  1.1825e-05  1.0328e-05  8.9634e-06  7.8842e-06  6.6737e-06  5.7325e-06  4.7938e-06  3.9134e-06  3.3069e-06  2.6544e-06  2.1341e-06  1.6822e-06  1.3400e-06  1.0603e-06  8.0629e-07  6.0729e-07  4.6035e-07  3.4634e-07  2.6137e-07  1.9065e-07  1.4008e-07  1.0086e-07  7.3793e-08  5.1717e-08  3.6007e-08  2.4549e-08  1.4918e-08
    39  1.8131e-05  1.8002e-05  1.8039e-05  1.7464e-05  1.6436e-05  1.6209e-05  1.5294e-05  1.4641e-05  1.3684e-05  1.2913e-05  1.1660e-05  1.0748e-05  9.6683e-06  8.6914e-06  7.7328e-06  6.7426e-06  5.8845e-06  5.0550e-06  4.3065e-06  3.6167e-06  3.0274e-06  2.5339e-06  2.0788e-06  1.6616e-06  1.3459e-06  1.0435e-06  8.5117e-07  6.6478e-07  4.9873e-07  3.8244e-07  2.9315e-07  2.1988e-07  1.6380e-07  1.2014e-07  8.8788e-08  6.4538e-08  4.5860e-08  3.2279e-08  2.1858e-08  1.3704e-08
    40  1.3927e-05  1.3783e-05  1.3671e-05  1.3355e-05  1.2717e-05  1.2371e-05  1.1756e-05  1.1165e-05  1.0556e-05  9.9748e-06  9.0546e-06  8.2491e-06  7.5046e-06  6.7113e-06  6.0881e-06  5.2783e-06  4.6267e-06  3.9917e-06  3.4195e-06  2.8853e-06  2.4457e-06  2.0267e-06  1.7032e-06  1.3596e-06  1.1068e-06  8.7672e-07  6.9603e-07  5.5887e-07  4.3009e-07  3.2564e-07  2.5471e-07  1.9266e-07  1.4457e-07  1.0813e-07  7.9885e-08  5.8204e-08  4.2268e-08  2.9635e-08  2.0484e-08  1.2632e-08
