 iy/ix           1           2           3           4           5           6           7           8           9          10          11          12          13          14          15          16          17          18          19          20          21          22          23          24          25          26          27          28          29          30          31          32          33          34          35          36          37          38          39          40
     1  1.4317e-01  1.4286e-01  1.4392e-01  1.4398e-01  1.4422e-01  1.4407e-01  1.4427e-01  1.4460e-01  1.4551e-01  1.4791e-01  1.4596e-01  1.4701e-01  1.4628e-01  1.4707e-01  1.4806e-01  1.4660e-01  1.4769e-01  1.4637e-01  1.4726e-01  1.4609e-01  3.5322e-01  3.5212e-01  3.5219e-01  3.4846e-01  1.4427e-01  1.4537e-01  1.4554e-01  1.4522e-01  1.4581e-01  1.4731e-01  1.4697e-01  1.4646e-01  1.4592e-01  1.4623e-01  1.4742e-01  1.4666e-01  1.4770e-01  1.4882e-01  1.4977e-01  1.5669e-01
     2  1.4364e-01  1.4353e-01  1.4395e-01  1.4391e-01  1.4421e-01  1.4430e-01  1.4499e-01  1.4483e-01  1.4535e-01  1.4700e-01  1.4408e-01  1.4702e-01  1.4749e-01  1.4685e-01  1.4675e-01  1.4733e-01  1.4591e-01  1.4623e-01  1.4681e-01  1.4558e-01  3.5554e-01  3.5136e-01  3.4677e-01  3.4810e-01  1.4554e-01  1.4519e-01  1.4540e-01  1.4628e-01  1.4634e-01  1.4500e-01  1.4582e-01  1.4541e-01  1.4597e-01  1.4757e-01  1.4819e-01  1.4848e-01  1.4836e-01  1.4870e-01  1.5092e-01  1.5906e-01
     3  1.4383e-01  1.4445e-01  1.4381e-01  1.4421e-01  1.4393e-01  1.4373e-01  1.4399e-01  1.4446e-01  1.4468e-01  1.4757e-01  1.4349e-01  1.4722e-01  1.4771e-01  1.4725e-01  1.4809e-01  1.4661e-01  1.4581e-01  1.4619e-01  1.4634e-01  1.4653e-01  3.5178e-01  3.5464e-01  3.5383e-01  3.5493e-01  1.4557e-01  1.4520e-01  1.4596e-01  1.4736e-01  1.4625e-01  1.4657e-01  1.4774e-01  1.4652e-01  1.4540e-01  1.4681e-01  1.4761e-01  1.4603e-01  1.4712e-01  1.4925e-01  1.5102e-01  1.6071e-01
     4  1.4350e-01  1.4419e-01  1.4452e-01  1.4489e-01  1.4442e-01  1.4446e-01  1.4490e-01  1.4422e-01  1.4485e-01  1.4706e-01  1.4487e-01  1.4622e-01  1.4812e-01  1.4686e-01  1.4662e-01  1.4650e-01  1.4737e-01  1.4785e-01  1.4742e-01  1.4730e-01  3.5208e-01  3.4860e-01  3.5057e-01  3.4897e-01  1.4566e-01  1.4526e-01  1.4494e-01  1.4684e-01  1.4629e-01  1.4647e-01  1.4731e-01  1.4721e-01  1.4641e-01  1.4740e-01  1.4845e-01  1.4722e-01  1.4798e-01  1.4833e-01  1.5032e-01  1.5950e-01
     5  1.4401e-01  1.4383e-01  1.4442e-01  1.4476e-01  1.4473e-01  1.4496e-01  1.4395e-01  1.4470e-01  1.4481e-01  1.4718e-01  1.4386e-01  1.4631e-01  1.4739e-01  1.4696e-01  1.4696e-01  1.4616e-01  1.4782e-01  1.4778e-01  1.4702e-01  1.4727e-01  3.5265e-01  3.5201e-01  3.4892e-01  3.5468e-01  1.4616e-01  1.4618e-01  1.4548e-01  1.4571e-01  1.4577e-01  1.4635e-01  1.4652e-01  1.4739e-01  1.4675e-01  1.4709e-01  1.4575e-01  1.4680e-01  1.4803e-01  1.4766e-01  1.4890e-01  1.5925e-01
     6  1.4437e-01  1.4408e-01  1.4458e-01  1.4480e-01  1.4450e-01  1.4489e-01  1.4468e-01  1.4529e-01  1.4498e-01  1.4713e-01  1.4432e-01  1.4595e-01  1.4703e-01  1.4841e-01  1.4806e-01  1.4837e-01  1.4904e-01  1.4900e-01  1.4648e-01  1.4770e-01  3.5629e-01  3.5268e-01  3.5267e-01  3.5072e-01  1.4736e-01  1.4811e-01  1.4721e-01  1.4668e-01  1.4517e-01  1.4515e-01  1.4647e-01  1.4759e-01  1.4645e-01  1.4700e-01  1.4716e-01  1.4788e-01  1.4865e-01  1.4844e-01  1.4982e-01  1.5894e-01
     7  1.4419e-01  1.4469e-01  1.4434e-01  1.4436e-01  1.4504e-01  1.4452e-01  1.4516e-01  1.4607e-01  1.4638e-01  1.4798e-01  1.4617e-01  1.4775e-01  1.4802e-01  1.4794e-01  1.4728e-01  1.4828e-01  1.4956e-01  1.4964e-01  1.4735e-01  1.4688e-01  3.5511e-01  3.5731e-01  3.5223e-01  3.5429e-01  1.4742e-01  1.4699e-01  1.4729e-01  1.4706e-01  1.4771e-01  1.4755e-01  1.4769e-01  1.4782e-01  1.4712e-01  1.4736e-01  1.4879e-01  1.4774e-01  1.4851e-01  1.4767e-01  1.4847e-01  1.5776e-01
     8  1.4484e-01  1.4507e-01  1.4479e-01  1.4492e-01  1.4485e-01  1.4501e-01  1.4557e-01  1.4517e-01  1.4505e-01  1.4906e-01  1.4688e-01  1.5035e-01  1.4893e-01  1.4750e-01  1.4799e-01  1.4943e-01  1.4866e-01  1.4903e-01  1.4880e-01  1.4740e-01  3.5101e-01  3.4963e-01  3.5360e-01  3.5997e-01  1.4814e-01  1.4710e-01  1.4738e-01  1.4636e-01  1.4744e-01  1.4765e-01  1.4786e-01  1.4788e-01  1.4756e-01  1.4725e-01  1.4813e-01  1.4656e-01  1.4769e-01  1.4772e-01  1.4887e-01  1.5677e-01
     9  1.4618e-01  1.4583e-01  1.4576e-01  1.4564e-01  1.4535e-01  1.4500e-01  1.4507e-01  1.4603e-01  1.4766e-01  1.4945e-01  1.4684e-01  1.5086e-01  1.5084e-01  1.5055e-01  1.5064e-01  1.5105e-01  1.5091e-01  1.4907e-01  1.4857e-01  1.4790e-01  3.5467e-01  3.4971e-01  3.5413e-01  3.5583e-01  1.4587e-01  1.4748e-01  1.4712e-01  1.4616e-01  1.4703e-01  1.4705e-01  1.4639e-01  1.4662e-01  1.4719e-01  1.4821e-01  1.4743e-01  1.4577e-01  1.4686e-01  1.4717e-01  1.4949e-01  1.5841e-01
    10  1.4729e-01  1.4734e-01  1.4765e-01  1.4735e-01  1.4761e-01  1.4830e-01  1.4866e-01  1.4841e-01  1.4990e-01  1.5335e-01  1.5053e-01  1.5132e-01  1.5004e-01  1.5117e-01  1.5159e-01  1.5173e-01  1.5042e-01  1.5057e-01  1.4815e-01  1.4920e-01  3.5666e-01  3.5336e-01  3.5211e-01  3.5671e-01  1.4603e-01  1.4656e-01  1.4622e-01  1.4659e-01  1.4640e-01  1.4442e-01  1.4680e-01  1.4670e-01  1.4642e-01  1.4706e-01  1.4672e-01  1.4681e-01  1.4617e-01  1.4693e-01  1.5014e-01  1.5828e-01
    11  1.4538e-01  1.4612e-01  1.4500e-01  1.4477e-01  1.4611e-01  1.4577e-01  1.4594e-01  1.4711e-01  1.4881e-01  1.5037e-01  1.5152e-01  1.5259e-01  1.5176e-01  1.5083e-01  1.5101e-01  1.5138e-01  1.5080e-01  1.4949e-01  1.4936e-01  1.4968e-01  3.5691e-01  3.5316e-01  3.5252e-01  3.5262e-01  1.4469e-01  1.4618e-01  1.4566e-01  1.4547e-01  1.4492e-01  1.4324e-01  1.4545e-01  1.4571e-01  1.4502e-01  1.4515e-01  1.4470e-01  1.4603e-01  1.4635e-01  1.4875e-01  1.5091e-01  1.5877e-01
    12  1.4813e-01  1.4792e-01  1.4749e-01  1.4726e-01  1.4804e-01  1.4969e-01  1.4909e-01  1.5092e-01  1.5171e-01  1.5146e-01  1.5219e-01  1.5280e-01  1.5268e-01  1.5169e-01  1.5088e-01  1.5180e-01  1.5086e-01  1.5020e-01  1.4893e-01  1.4938e-01  3.6042e-01  3.6243e-01  3.5895e-01  3.5816e-01  1.4572e-01  1.4641e-01  1.4454e-01  1.4477e-01  1.4532e-01  1.4344e-01  1.4394e-01  1.4365e-01  1.4444e-01  1.4626e-01  1.4539e-01  1.4616e-01  1.4719e-01  1.4851e-01  1.5058e-01  1.5909e-01
    13  1.4922e-01  1.4934e-01  1.4850e-01  1.4804e-01  1.4904e-01  1.4917e-01  1.4978e-01  1.4970e-01  1.5236e-01  1.5135e-01  1.5271e-01  1.5281e-01  1.5290e-01  1.5236e-01  1.5297e-01  1.5233e-01  1.5116e-01  1.5213e-01  1.5140e-01  1.4965e-01  3.5956e-01  3.5999e-01  3.5955e-01  3.5905e-01  1.4543e-01  1.4436e-01  1.4409e-01  1.4346e-01  1.4416e-01  1.4458e-01  1.4495e-01  1.4503e-01  1.4470e-01  1.4573e-01  1.4645e-01  1.4740e-01  1.4914e-01  1.4974e-01  1.5264e-01  1.5984e-01
    14  1.5051e-01  1.4955e-01  1.4937e-01  1.4939e-01  1.4975e-01  1.5016e-01  1.5071e-01  1.5055e-01  1.5131e-01  1.5213e-01  1.5309e-01  1.5116e-01  1.5206e-01  1.5157e-01  1.5259e-01  1.5224e-01  1.5186e-01  1.5086e-01  1.5014e-01  1.5022e-01  3.5942e-01  3.5382e-01  3.6356e-01  3.5336e-01  1.4406e-01  1.4526e-01  1.4348e-01  1.4373e-01  1.4589e-01  1.4678e-01  1.4669e-01  1.4708e-01  1.4783e-01  1.4697e-01  1.4694e-01  1.4730e-01  1.4924e-01  1.5004e-01  1.5284e-01  1.6248e-01
    15  1.5039e-01  1.4941e-01  1.4951e-01  1.4971e-01  1.5030e-01  1.5003e-01  1.5056e-01  1.4974e-01  1.5109e-01  1.5107e-01  1.5183e-01  1.5222e-01  1.5101e-01  1.5024e-01  1.5254e-01  1.5271e-01  1.5077e-01  1.5122e-01  1.5053e-01  1.5125e-01  3.6044e-01  3.6102e-01  3.6166e-01  3.5594e-01  1.4273e-01  1.4311e-01  1.4464e-01  1.4564e-01  1.4653e-01  1.4716e-01  1.4674e-01  1.4826e-01  1.4888e-01  1.4848e-01  1.4920e-01  1.4948e-01  1.4808e-01  1.5018e-01  1.5348e-01  1.6338e-01
    16  1.4899e-01  1.4969e-01  1.4919e-01  1.4942e-01  1.4891e-01  1.5008e-01  1.5001e-01  1.5077e-01  1.5015e-01  1.4964e-01  1.5230e-01  1.5094e-01  1.4981e-01  1.5135e-01  1.5222e-01  1.5333e-01  1.5286e-01  1.5142e-01  1.5135e-01  1.5116e-01  3.6043e-01  3.5954e-01  3.5345e-01  3.5259e-01  1.4300e-01  1.4568e-01  1.4625e-01  1.4689e-01  1.4866e-01  1.4845e-01  1.4811e-01  1.4946e-01  1.4990e-01  1.4931e-01  1.5041e-01  1.5008e-01  1.5078e-01  1.5025e-01  1.5320e-01  1.6481e-01
    17  1.4836e-01  1.5012e-01  1.5000e-01  1.4991e-01  1.4894e-01  1.4823e-01  1.4983e-01  1.5009e-01  1.4925e-01  1.5116e-01  1.5187e-01  1.5233e-01  1.5193e-01  1.5079e-01  1.5235e-01  1.5363e-01  1.5174e-01  1.5181e-01  1.5265e-01  1.5234e-01  3.5922e-01  3.5598e-01  3.5589e-01  3.4868e-01  1.4591e-01  1.4790e-01  1.5004e-01  1.5076e-01  1.4948e-01  1.5027e-01  1.5180e-01  1.5211e-01  1.5080e-01  1.5057e-01  1.5184e-01  1.5070e-01  1.5048e-01  1.4930e-01  1.5301e-01  1.6380e-01
    18  1.4840e-01  1.5031e-01  1.5082e-01  1.4943e-01  1.4889e-01  1.4932e-01  1.5066e-01  1.5159e-01  1.5068e-01  1.4994e-01  1.5053e-01  1.5195e-01  1.5255e-01  1.4944e-01  1.4907e-01  1.5068e-01  1.5058e-01  1.5179e-01  1.5250e-01  1.5351e-01  3.5962e-01  3.5970e-01  3.5458e-01  3.3752e-01  1.4955e-01  1.5351e-01  1.5475e-01  1.5109e-01  1.5148e-01  1.5271e-01  1.5342e-01  1.5180e-01  1.5029e-01  1.5040e-01  1.5160e-01  1.5110e-01  1.5035e-01  1.5103e-01  1.5489e-01  1.6501e-01
    19  1.5089e-01  1.5067e-01  1.5066e-01  1.5080e-01  1.4982e-01  1.4963e-01  1.5146e-01  1.5015e-01  1.5013e-01  1.4978e-01  1.5135e-01  1.5287e-01  1.5252e-01  1.5187e-01  1.4921e-01  1.4991e-01  1.5038e-01  1.5091e-01  1.5207e-01  1.5224e-01  3.6251e-01  3.5960e-01  3.4523e-01  3.3092e-01  1.5268e-01  1.5603e-01  1.5460e-01  1.5414e-01  1.5481e-01  1.5094e-01  1.5221e-01  1.5229e-01  1.5133e-01  1.5076e-01  1.5062e-01  1.5083e-01  1.5072e-01  1.5227e-01  1.5377e-01  1.6356e-01
    20  1.4924e-01  1.5073e-01  1.5017e-01  1.5068e-01  1.4919e-01  1.4931e-01  1.5041e-01  1.5083e-01  1.5032e-01  1.4967e-01  1.4979e-01  1.5222e-01  1.5262e-01  1.5109e-01  1.5008e-01  1.4849e-01  1.5033e-01  1.5159e-01  1.5257e-01  1.5444e-01  3.6052e-01  3.4738e-01  3.4946e-01  3.4918e-01  1.5461e-01  1.5733e-01  1.5687e-01  1.5480e-01  1.5431e-01  1.5204e-01  1.5049e-01  1.4999e-01  1.4931e-01  1.5046e-01  1.5065e-01  1.5100e-01  1.5082e-01  1.5161e-01  1.5480e-01  1.6409e-01
    21  1.4863e-01  1.4933e-01  1.5025e-01  1.5053e-01  1.4963e-01  1.4872e-01  1.5025e-01  1.5089e-01  1.5072e-01  1.4971e-01  1.4977e-01  1.5192e-01  1.5223e-01  1.5235e-01  1.5167e-01  1.5063e-01  1.4928e-01  1.5076e-01  1.5142e-01  1.5508e-01  1.5875e-01  1.5875e-01  1.5693e-01  1.5741e-01  1.5779e-01  1.5710e-01  1.5604e-01  1.5393e-01  1.5401e-01  1.5312e-01  1.5159e-01  1.5186e-01  1.5083e-01  1.5122e-01  1.5216e-01  1.5235e-01  1.5202e-01  1.5132e-01  1.5591e-01  1.6660e-01
    22  1.4729e-01  1.4807e-01  1.5020e-01  1.5129e-01  1.4963e-01  1.4831e-01  1.4982e-01  1.4998e-01  1.5171e-01  1.5138e-01  1.5057e-01  1.5050e-01  1.5063e-01  1.5124e-01  1.5128e-01  1.4974e-01  1.5038e-01  1.5004e-01  1.5147e-01  1.5331e-01  1.5796e-01  1.5894e-01  1.5848e-01  1.5917e-01  1.5664e-01  1.5660e-01  1.5513e-01  1.5345e-01  1.5289e-01  1.5271e-01  1.5225e-01  1.5357e-01  1.5203e-01  1.5102e-01  1.4948e-01  1.5075e-01  1.5035e-01  1.5091e-01  1.5317e-01  1.6606e-01
    23  1.4821e-01  1.5025e-01  1.4924e-01  1.5022e-01  1.5121e-01  1.5107e-01  1.5128e-01  1.5083e-01  1.5141e-01  1.5000e-01  1.4936e-01  1.5098e-01  1.5015e-01  1.5109e-01  1.5157e-01  1.4995e-01  1.4926e-01  1.5159e-01  1.5259e-01  1.5351e-01  1.5518e-01  1.5671e-01  1.5715e-01  1.5590e-01  1.5527e-01  1.5500e-01  1.5406e-01  1.5368e-01  1.5154e-01  1.5126e-01  1.5202e-01  1.5160e-01  1.5080e-01  1.5087e-01  1.5163e-01  1.5033e-01  1.4966e-01  1.5080e-01  1.5383e-01  1.6708e-01
    24  1.4906e-01  1.5028e-01  1.4866e-01  1.5082e-01  1.5037e-01  1.5222e-01  1.5177e-01  1.5209e-01  1.5104e-01  1.4999e-01  1.5037e-01  1.5071e-01  1.4985e-01  1.5143e-01  1.5029e-01  1.5090e-01  1.5067e-01  1.5057e-01  1.5138e-01  1.5394e-01  1.5541e-01  1.5502e-01  1.5582e-01  1.5491e-01  1.5391e-01  1.5344e-01  1.5312e-01  1.5390e-01  1.5286e-01  1.5161e-01  1.5136e-01  1.5132e-01  1.5025e-01  1.5033e-01  1.4919e-01  1.4823e-01  1.4866e-01  1.5079e-01  1.5411e-01  1.6470e-01
    25  1.5106e-01  1.4983e-01  1.4881e-01  1.5131e-01  1.5075e-01  1.5118e-01  1.4930e-01  1.5040e-01  1.5089e-01  1.5049e-01  1.4998e-01  1.4996e-01  1.4941e-01  1.4883e-01  1.5084e-01  1.5017e-01  1.5152e-01  1.5120e-01  1.4986e-01  1.5336e-01  1.5384e-01  1.5436e-01  1.5495e-01  1.5511e-01  1.5458e-01  1.5379e-01  1.5291e-01  1.5231e-01  1.5188e-01  1.5238e-01  1.5245e-01  1.5134e-01  1.5233e-01  1.5136e-01  1.5111e-01  1.5160e-01  1.5120e-01  1.5105e-01  1.5315e-01  1.6456e-01
    26  1.5006e-01  1.4970e-01  1.4928e-01  1.5040e-01  1.4941e-01  1.5148e-01  1.5013e-01  1.4929e-01  1.5051e-01  1.5147e-01  1.4988e-01  1.4902e-01  1.4939e-01  1.4961e-01  1.4998e-01  1.4925e-01  1.5073e-01  1.5079e-01  1.5203e-01  1.5247e-01  1.5314e-01  1.5430e-01  1.5603e-01  1.5482e-01  1.5547e-01  1.5408e-01  1.5307e-01  1.5184e-01  1.5143e-01  1.5152e-01  1.5282e-01  1.5232e-01  1.5090e-01  1.4926e-01  1.5008e-01  1.5068e-01  1.4979e-01  1.5158e-01  1.5289e-01  1.6244e-01
    27  1.4961e-01  1.4971e-01  1.4954e-01  1.5032e-01  1.5067e-01  1.5044e-01  1.4916e-01  1.4981e-01  1.4920e-01  1.5061e-01  1.5071e-01  1.5062e-01  1.4961e-01  1.5061e-01  1.4955e-01  1.5093e-01  1.5262e-01  1.5121e-01  1.5092e-01  1.5172e-01  1.5338e-01  1.5383e-01  1.5111e-01  1.5441e-01  1.5555e-01  1.5457e-01  1.5478e-01  1.5291e-01  1.5319e-01  1.5116e-01  1.5354e-01  1.5237e-01  1.5116e-01  1.4975e-01  1.5084e-01  1.5048e-01  1.5073e-01  1.5092e-01  1.5256e-01  1.6406e-01
    28  1.5062e-01  1.4895e-01  1.4898e-01  1.5003e-01  1.4947e-01  1.4990e-01  1.5025e-01  1.5017e-01  1.5100e-01  1.5018e-01  1.5070e-01  1.5105e-01  1.4961e-01  1.5010e-01  1.4955e-01  1.5070e-01  1.5123e-01  1.5207e-01  1.5202e-01  1.5178e-01  1.5184e-01  1.5231e-01  1.5305e-01  1.5222e-01  1.5331e-01  1.5577e-01  1.5491e-01  1.5375e-01  1.5224e-01  1.5269e-01  1.5340e-01  1.5342e-01  1.5199e-01  1.5233e-01  1.5101e-01  1.5011e-01  1.5036e-01  1.5234e-01  1.5459e-01  1.6382e-01
    29  1.4912e-01  1.4810e-01  1.4873e-01  1.4972e-01  1.4933e-01  1.5040e-01  1.5117e-01  1.5014e-01  1.5190e-01  1.5056e-01  1.5086e-01  1.5053e-01  1.5088e-01  1.4995e-01  1.4876e-01  1.5047e-01  1.4988e-01  1.5159e-01  1.5185e-01  1.5133e-01  1.5258e-01  1.5136e-01  1.5397e-01  1.5435e-01  1.5260e-01  1.5492e-01  1.5495e-01  1.5213e-01  1.5186e-01  1.5200e-01  1.5181e-01  1.5139e-01  1.5107e-01  1.5047e-01  1.5068e-01  1.5065e-01  1.5141e-01  1.5251e-01  1.5457e-01  1.6584e-01
    30  1.4893e-01  1.4871e-01  1.4912e-01  1.4922e-01  1.4933e-01  1.5009e-01  1.5075e-01  1.5171e-01  1.5126e-01  1.5006e-01  1.5146e-01  1.5060e-01  1.5013e-01  1.4945e-01  1.4937e-01  1.4960e-01  1.5021e-01  1.5067e-01  1.5111e-01  1.5194e-01  1.5183e-01  1.5175e-01  1.5112e-01  1.5269e-01  1.5300e-01  1.5369e-01  1.5286e-01  1.5369e-01  1.5218e-01  1.5184e-01  1.5339e-01  1.5168e-01  1.5218e-01  1.5000e-01  1.5072e-01  1.4917e-01  1.5029e-01  1.5213e-01  1.5264e-01  1.6503e-01
    31  1.5011e-01  1.4971e-01  1.5070e-01  1.4933e-01  1.4823e-01  1.4915e-01  1.5106e-01  1.5023e-01  1.5195e-01  1.5093e-01  1.5120e-01  1.5020e-01  1.4999e-01  1.4925e-01  1.4976e-01  1.4970e-01  1.5119e-01  1.5065e-01  1.5092e-01  1.5262e-01  1.5267e-01  1.5314e-01  1.5287e-01  1.5113e-01  1.5132e-01  1.5163e-01  1.5136e-01  1.5274e-01  1.5283e-01  1.5190e-01  1.5143e-01  1.5174e-01  1.5154e-01  1.4997e-01  1.5048e-01  1.4954e-01  1.4943e-01  1.5036e-01  1.5400e-01  1.6514e-01
    32  1.4933e-01  1.5044e-01  1.4982e-01  1.4898e-01  1.4918e-01  1.4969e-01  1.5027e-01  1.4895e-01  1.5050e-01  1.5000e-01  1.4922e-01  1.4955e-01  1.5045e-01  1.5124e-01  1.4966e-01  1.4893e-01  1.5029e-01  1.5119e-01  1.5132e-01  1.5115e-01  1.5236e-01  1.5194e-01  1.5261e-01  1.5200e-01  1.5214e-01  1.5172e-01  1.5099e-01  1.5173e-01  1.5109e-01  1.5013e-01  1.5120e-01  1.5135e-01  1.5160e-01  1.5041e-01  1.5046e-01  1.5196e-01  1.5127e-01  1.5118e-01  1.5280e-01  1.6358e-01
    33  1.4728e-01  1.4875e-01  1.5000e-01  1.4900e-01  1.4982e-01  1.4802e-01  1.4956e-01  1.4881e-01  1.4980e-01  1.4984e-01  1.5046e-01  1.4997e-01  1.4924e-01  1.4959e-01  1.4944e-01  1.4915e-01  1.5066e-01  1.5266e-01  1.5109e-01  1.5111e-01  1.5055e-01  1.5202e-01  1.5148e-01  1.5117e-01  1.5009e-01  1.5024e-01  1.5014e-01  1.5133e-01  1.5054e-01  1.4964e-01  1.5066e-01  1.5113e-01  1.5111e-01  1.5097e-01  1.5244e-01  1.5146e-01  1.5286e-01  1.5293e-01  1.5408e-01  1.6394e-01
    34  1.4733e-01  1.4828e-01  1.4783e-01  1.4981e-01  1.4949e-01  1.4914e-01  1.5071e-01  1.5119e-01  1.4954e-01  1.5005e-01  1.5078e-01  1.5099e-01  1.4936e-01  1.4946e-01  1.4977e-01  1.4963e-01  1.4971e-01  1.5135e-01  1.5016e-01  1.4951e-01  1.5001e-01  1.5057e-01  1.5085e-01  1.5237e-01  1.5053e-01  1.5053e-01  1.5101e-01  1.5096e-01  1.4954e-01  1.4979e-01  1.4983e-01  1.5216e-01  1.5313e-01  1.5204e-01  1.5329e-01  1.5089e-01  1.5105e-01  1.5293e-01  1.5426e-01  1.6706e-01
    35  1.4652e-01  1.4821e-01  1.4914e-01  1.5027e-01  1.5117e-01  1.4913e-01  1.5046e-01  1.4967e-01  1.5041e-01  1.5105e-01  1.5122e-01  1.4980e-01  1.5089e-01  1.5052e-01  1.4847e-01  1.4897e-01  1.5034e-01  1.5008e-01  1.4974e-01  1.5053e-01  1.5024e-01  1.5088e-01  1.5165e-01  1.5136e-01  1.5125e-01  1.5135e-01  1.5083e-01  1.5036e-01  1.4941e-01  1.5076e-01  1.5136e-01  1.5211e-01  1.5314e-01  1.5288e-01  1.5246e-01  1.5159e-01  1.5147e-01  1.5230e-01  1.5555e-01  1.6922e-01
    36  1.4816e-01  1.4818e-01  1.4972e-01  1.4929e-01  1.5102e-01  1.4991e-01  1.5027e-01  1.5052e-01  1.4993e-01  1.5119e-01  1.5146e-01  1.4958e-01  1.5083e-01  1.4883e-01  1.4873e-01  1.4977e-01  1.5176e-01  1.5196e-01  1.5029e-01  1.4995e-01  1.5131e-01  1.5047e-01  1.5106e-01  1.5164e-01  1.5217e-01  1.5181e-01  1.5169e-01  1.5000e-01  1.5003e-01  1.5089e-01  1.5192e-01  1.5330e-01  1.5257e-01  1.5280e-01  1.5266e-01  1.5286e-01  1.5173e-01  1.5358e-01  1.5673e-01  1.6914e-01
    37  1.4922e-01  1.4900e-01  1.5018e-01  1.4982e-01  1.4942e-01  1.5078e-01  1.5028e-01  1.5097e-01  1.5116e-01  1.5077e-01  1.5157e-01  1.5157e-01  1.4995e-01  1.5082e-01  1.4776e-01  1.4948e-01  1.5081e-01  1.5076e-01  1.5077e-01  1.5120e-01  1.5145e-01  1.5031e-01  1.5224e-01  1.5040e-01  1.5109e-01  1.5130e-01  1.5281e-01  1.5066e-01  1.4931e-01  1.4936e-01  1.5182e-01  1.5277e-01  1.5172e-01  1.5451e-01  1.5276e-01  1.5288e-01  1.5304e-01  1.5457e-01  1.5663e-01  1.6971e-01
    38  1.5073e-01  1.5002e-01  1.5157e-01  1.5090e-01  1.5060e-01  1.5135e-01  1.5099e-01  1.5133e-01  1.5086e-01  1.5145e-01  1.5105e-01  1.5293e-01  1.5219e-01  1.5256e-01  1.5100e-01  1.5111e-01  1.5072e-01  1.5111e-01  1.5165e-01  1.5188e-01  1.5248e-01  1.5467e-01  1.5219e-01  1.5103e-01  1.5194e-01  1.5281e-01  1.5183e-01  1.5214e-01  1.5119e-01  1.5145e-01  1.5214e-01  1.5173e-01  1.5446e-01  1.5315e-01  1.5385e-01  1.5179e-01  1.5393e-01  1.5624e-01  1.5958e-01  1.7455e-01
    39  1.5394e-01  1.5280e-01  1.5365e-01  1.5340e-01  1.5081e-01  1.5360e-01  1.5266e-01  1.5297e-01  1.5204e-01  1.5345e-01  1.5364e-01  1.5328e-01  1.5368e-01  1.5483e-01  1.5381e-01  1.5210e-01  1.5357e-01  1.5403e-01  1.5343e-01  1.5296e-01  1.5430e-01  1.5473e-01  1.5449e-01  1.5307e-01  1.5412e-01  1.5445e-01  1.5370e-01  1.5532e-01  1.5517e-01  1.5404e-01  1.5494e-01  1.5623e-01  1.5583e-01  1.5604e-01  1.5723e-01  1.5665e-01  1.5774e-01  1.5933e-01  1.6474e-01  1.8619e-01
    40  1.6281e-01  1.6189e-01  1.6368e-01  1.6313e-01  1.6152e-01  1.6196e-01  1.6074e-01  1.6215e-01  1.6359e-01  1.6468e-01  1.6266e-01  1.6023e-01  1.6245e-01  1.6547e-01  1.6574e-01  1.6502e-01  1.6339e-01  1.6394e-01  1.6552e-01  1.6477e-01  1.6451e-01  1.6413e-01  1.6649e-01  1.6621e-01  1.6784e-01  1.6550e-01  1.6654e-01  1.6617e-01  1.6657e-01  1.6679e-01  1.6875e-01  1.6956e-01  1.7040e-01  1.7095e-01  1.6912e-01  1.7075e-01  1.7262e-01  1.7574e-01  1.8615e-01  2.2906e-01
