 iy/ix           1           2           3           4           5           6           7           8           9          10          11          12          13          14          15          16          17          18          19          20          21          22          23          24          25          26          27          28          29          30          31          32          33          34          35          36          37          38          39          40
     1  1.9944e-02  1.7382e-02  1.6672e-02  1.6279e-02  1.6109e-02  1.5780e-02  1.5341e-02  1.4766e-02  1.3863e-02  1.2259e-02  9.2278e-03  6.7583e-03  4.9223e-03  3.6112e-03  2.5845e-03  1.8378e-03  1.3084e-03  9.4457e-04  6.7669e-04  4.9309e-04  2.1835e-04  4.6704e-05  8.8097e-06  1.6154e-06  4.5000e-07  2.8727e-07  1.9243e-07  1.3066e-07  8.9307e-08  6.1615e-08  4.2289e-08  2.9216e-08  2.0120e-08  1.3834e-08  9.7046e-09  6.7477e-09  4.6404e-09  3.1525e-09  2.0922e-09  1.2636e-09
     2  1.7367e-02  1.5242e-02  1.4754e-02  1.4326e-02  1.4143e-02  1.3946e-02  1.3515e-02  1.3023e-02  1.2199e-02  1.0686e-02  8.0924e-03  5.9879e-03  4.3725e-03  3.1847e-03  2.2999e-03  1.6602e-03  1.1899e-03  8.4737e-04  6.0907e-04  4.4430e-04  1.9402e-04  4.0376e-05  7.5151e-06  1.3623e-06  3.9365e-07  2.6204e-07  1.7682e-07  1.2009e-07  8.3257e-08  5.6803e-08  3.9329e-08  2.7395e-08  1.9049e-08  1.3285e-08  9.2656e-09  6.3952e-09  4.3842e-09  3.0006e-09  1.9738e-09  1.1846e-09
     3  1.6659e-02  1.4716e-02  1.4153e-02  1.3938e-02  1.3658e-02  1.3459e-02  1.3083e-02  1.2595e-02  1.1778e-02  1.0333e-02  7.8499e-03  5.7446e-03  4.1824e-03  3.0210e-03  2.1851e-03  1.5617e-03  1.1131e-03  8.0039e-04  5.6860e-04  4.1451e-04  1.8362e-04  3.8847e-05  7.2755e-06  1.3102e-06  3.6173e-07  2.3977e-07  1.6459e-07  1.1398e-07  7.8269e-08  5.4025e-08  3.7524e-08  2.6060e-08  1.8039e-08  1.2647e-08  8.7765e-09  6.0783e-09  4.1787e-09  2.8632e-09  1.9103e-09  1.1436e-09
     4  1.6361e-02  1.4363e-02  1.3937e-02  1.3650e-02  1.3500e-02  1.3177e-02  1.2856e-02  1.2382e-02  1.1595e-02  1.0150e-02  7.7026e-03  5.6119e-03  4.0604e-03  2.9399e-03  2.1040e-03  1.4995e-03  1.0742e-03  7.6532e-04  5.4315e-04  3.9490e-04  1.7539e-04  3.6698e-05  6.8908e-06  1.2335e-06  3.3952e-07  2.2300e-07  1.5165e-07  1.0534e-07  7.3191e-08  5.0717e-08  3.5210e-08  2.4495e-08  1.7185e-08  1.1986e-08  8.2793e-09  5.7572e-09  4.0064e-09  2.7303e-09  1.7965e-09  1.0946e-09
     5  1.6068e-02  1.4106e-02  1.3674e-02  1.3413e-02  1.3234e-02  1.2990e-02  1.2666e-02  1.2166e-02  1.1380e-02  1.0023e-02  7.5372e-03  5.4607e-03  3.9528e-03  2.8105e-03  2.0027e-03  1.4286e-03  1.0150e-03  7.2190e-04  5.1349e-04  3.7513e-04  1.6648e-04  3.4977e-05  6.5840e-06  1.1871e-06  3.2134e-07  2.1063e-07  1.4221e-07  9.8053e-08  6.7951e-08  4.7263e-08  3.2660e-08  2.2851e-08  1.5983e-08  1.1147e-08  7.7822e-09  5.4250e-09  3.7885e-09  2.5664e-09  1.7147e-09  1.0459e-09
     6  1.5797e-02  1.3926e-02  1.3440e-02  1.3155e-02  1.2903e-02  1.2733e-02  1.2432e-02  1.1950e-02  1.1241e-02  9.8338e-03  7.3353e-03  5.3061e-03  3.8261e-03  2.7159e-03  1.9212e-03  1.3642e-03  9.6450e-04  6.8706e-04  4.8721e-04  3.5625e-04  1.5947e-04  3.3574e-05  6.2850e-06  1.1214e-06  3.0492e-07  1.9822e-07  1.3310e-07  9.0701e-08  6.2551e-08  4.3215e-08  3.0254e-08  2.1327e-08  1.4871e-08  1.0452e-08  7.3850e-09  5.1447e-09  3.5723e-09  2.4449e-09  1.6507e-09  1.0076e-09
     7  1.5359e-02  1.3516e-02  1.3090e-02  1.2861e-02  1.2598e-02  1.2439e-02  1.2089e-02  1.1611e-02  1.0881e-02  9.5219e-03  7.1463e-03  5.1126e-03  3.6398e-03  2.5738e-03  1.8227e-03  1.2924e-03  9.1735e-04  6.4892e-04  4.5423e-04  3.3350e-04  1.4895e-04  3.1815e-05  5.9112e-06  1.0536e-06  2.8579e-07  1.8409e-07  1.2361e-07  8.5361e-08  5.8842e-08  4.0859e-08  2.8471e-08  1.9823e-08  1.3997e-08  9.8174e-09  6.8973e-09  4.8420e-09  3.3934e-09  2.3374e-09  1.5648e-09  9.6785e-10
     8  1.4787e-02  1.2971e-02  1.2574e-02  1.2383e-02  1.2131e-02  1.1967e-02  1.1644e-02  1.1199e-02  1.0551e-02  9.2126e-03  6.8351e-03  4.8095e-03  3.4194e-03  2.4110e-03  1.7182e-03  1.2091e-03  8.4926e-04  6.0538e-04  4.2988e-04  3.1291e-04  1.3856e-04  2.8770e-05  5.4220e-06  9.7519e-07  2.6451e-07  1.7026e-07  1.1456e-07  7.8053e-08  5.3943e-08  3.7427e-08  2.6400e-08  1.8608e-08  1.3040e-08  9.2365e-09  6.5227e-09  4.5720e-09  3.2354e-09  2.2377e-09  1.5031e-09  9.3025e-10
     9  1.3928e-02  1.2243e-02  1.1893e-02  1.1610e-02  1.1427e-02  1.1188e-02  1.0902e-02  1.0508e-02  9.9298e-03  8.6660e-03  6.3203e-03  4.4368e-03  3.1280e-03  2.2175e-03  1.5666e-03  1.1033e-03  7.8208e-04  5.4325e-04  3.8831e-04  2.8183e-04  1.2582e-04  2.6518e-05  4.9821e-06  8.8533e-07  2.3947e-07  1.5571e-07  1.0444e-07  7.1533e-08  4.9328e-08  3.4563e-08  2.4145e-08  1.7083e-08  1.2184e-08  8.7044e-09  6.1685e-09  4.3620e-09  3.1050e-09  2.1739e-09  1.4812e-09  9.1471e-10
    10  1.2210e-02  1.0731e-02  1.0361e-02  1.0213e-02  1.0105e-02  9.8953e-03  9.5753e-03  9.2248e-03  8.6664e-03  7.5610e-03  5.4663e-03  3.8439e-03  2.7220e-03  1.9579e-03  1.3808e-03  9.8246e-04  6.9419e-04  4.9618e-04  3.5009e-04  2.5546e-04  1.1259e-04  2.3558e-05  4.4518e-06  7.9758e-07  2.1543e-07  1.3973e-07  9.4359e-08  6.4856e-08  4.5056e-08  3.1415e-08  2.2527e-08  1.6032e-08  1.1495e-08  8.2842e-09  5.9132e-09  4.2424e-09  3.0606e-09  2.1661e-09  1.4803e-09  9.2905e-10
    11  9.2613e-03  8.1834e-03  7.8898e-03  7.7754e-03  7.5982e-03  7.4413e-03  7.1468e-03  6.8355e-03  6.2643e-03  5.4144e-03  4.2145e-03  3.1483e-03  2.2874e-03  1.6414e-03  1.1822e-03  8.4090e-04  6.0265e-04  4.2910e-04  3.1019e-04  2.2578e-04  9.9714e-05  2.0496e-05  3.8474e-06  6.9024e-07  1.8856e-07  1.2448e-07  8.4497e-08  5.8267e-08  4.1123e-08  2.9305e-08  2.1158e-08  1.5308e-08  1.1126e-08  8.0875e-09  5.9076e-09  4.3183e-09  3.1161e-09  2.2466e-09  1.5592e-09  9.7659e-10
    12  6.7566e-03  6.0048e-03  5.7583e-03  5.6284e-03  5.5019e-03  5.3742e-03  5.1381e-03  4.8320e-03  4.4217e-03  3.7873e-03  3.1213e-03  2.4104e-03  1.8426e-03  1.3582e-03  9.8608e-04  7.1310e-04  5.1140e-04  3.6597e-04  2.6273e-04  1.9514e-04  8.7066e-05  1.8126e-05  3.3848e-06  6.0483e-07  1.6603e-07  1.0901e-07  7.5430e-08  5.2959e-08  3.8505e-08  2.7659e-08  2.0406e-08  1.5244e-08  1.1275e-08  8.4350e-09  6.2395e-09  4.6505e-09  3.3752e-09  2.4421e-09  1.6998e-09  1.0787e-09
    13  4.9743e-03  4.4116e-03  4.2001e-03  4.0578e-03  3.9757e-03  3.8655e-03  3.6616e-03  3.4165e-03  3.1250e-03  2.7009e-03  2.2626e-03  1.8019e-03  1.4017e-03  1.0729e-03  8.0487e-04  5.8857e-04  4.2848e-04  3.1441e-04  2.2823e-04  1.6649e-04  7.3136e-05  1.4992e-05  2.7877e-06  5.0642e-07  1.3996e-07  9.5376e-08  6.7491e-08  4.9469e-08  3.7287e-08  2.8320e-08  2.1450e-08  1.6313e-08  1.2334e-08  9.3460e-09  7.0567e-09  5.2114e-09  3.8347e-09  2.7571e-09  1.9373e-09  1.2113e-09
    14  3.6261e-03  3.1981e-03  3.0371e-03  2.9362e-03  2.8440e-03  2.7614e-03  2.5978e-03  2.4286e-03  2.2141e-03  1.9344e-03  1.6370e-03  1.3480e-03  1.0570e-03  8.2679e-04  6.2791e-04  4.7195e-04  3.4924e-04  2.5562e-04  1.8658e-04  1.4063e-04  6.1767e-05  1.2394e-05  2.3653e-06  4.1673e-07  1.2085e-07  8.5077e-08  6.3904e-08  4.9935e-08  3.9823e-08  3.1414e-08  2.4535e-08  1.8920e-08  1.4558e-08  1.1036e-08  8.2806e-09  6.1396e-09  4.5120e-09  3.2528e-09  2.2265e-09  1.4048e-09
    15  2.5886e-03  2.3105e-03  2.1788e-03  2.1027e-03  2.0220e-03  1.9609e-03  1.8451e-03  1.7138e-03  1.5623e-03  1.3762e-03  1.1860e-03  9.8758e-04  7.9873e-04  6.2839e-04  4.9255e-04  3.6918e-04  2.7916e-04  2.0853e-04  1.5387e-04  1.1591e-04  5.0293e-05  1.0240e-05  1.9045e-06  3.4812e-07  1.0696e-07  8.2076e-08  6.7372e-08  5.6755e-08  4.7136e-08  3.7878e-08  2.9908e-08  2.3318e-08  1.7954e-08  1.3596e-08  1.0122e-08  7.3851e-09  5.3721e-09  3.8115e-09  2.6231e-09  1.6452e-09
    16  1.8531e-03  1.6720e-03  1.5633e-03  1.4906e-03  1.4305e-03  1.3743e-03  1.3005e-03  1.2098e-03  1.1024e-03  9.7668e-04  8.4602e-04  7.1242e-04  5.8503e-04  4.7132e-04  3.7216e-04  2.8988e-04  2.1834e-04  1.6525e-04  1.2373e-04  9.3573e-05  4.0355e-05  8.0189e-06  1.4881e-06  2.7714e-07  1.0463e-07  9.3614e-08  8.4281e-08  7.3891e-08  6.1534e-08  4.9648e-08  3.8840e-08  3.0101e-08  2.2744e-08  1.6785e-08  1.2300e-08  8.9620e-09  6.4498e-09  4.5309e-09  3.0904e-09  1.8993e-09
    17  1.3166e-03  1.1992e-03  1.1231e-03  1.0644e-03  1.0188e-03  9.6710e-04  9.1461e-04  8.5010e-04  7.7674e-04  6.9435e-04  6.0702e-04  5.1316e-04  4.3063e-04  3.4420e-04  2.7862e-04  2.1861e-04  1.6960e-04  1.2977e-04  9.7521e-05  7.4478e-05  3.2278e-05  6.4381e-06  1.2012e-06  2.2651e-07  1.2330e-07  1.2743e-07  1.2017e-07  1.0487e-07  8.5023e-08  6.6908e-08  5.2342e-08  3.9224e-08  2.8831e-08  2.1035e-08  1.5103e-08  1.0830e-08  7.6181e-09  5.3048e-09  3.5592e-09  2.1791e-09
    18  9.4195e-04  8.4910e-04  8.0177e-04  7.5693e-04  7.1858e-04  6.8586e-04  6.4999e-04  6.0085e-04  5.4803e-04  4.8833e-04  4.2782e-04  3.6933e-04  3.1227e-04  2.5294e-04  2.0491e-04  1.6396e-04  1.2904e-04  1.0061e-04  7.7594e-05  5.8704e-05  2.5090e-05  5.0043e-06  9.4600e-07  1.9458e-07  1.8091e-07  2.0026e-07  1.8606e-07  1.5252e-07  1.2052e-07  9.2978e-08  6.9126e-08  4.9639e-08  3.5526e-08  2.5412e-08  1.8127e-08  1.2840e-08  8.9632e-09  6.1909e-09  4.1284e-09  2.4952e-09
    19  6.6706e-04  6.0761e-04  5.6773e-04  5.4226e-04  5.1281e-04  4.7982e-04  4.6043e-04  4.2345e-04  3.8395e-04  3.4771e-04  3.0686e-04  2.6586e-04  2.2556e-04  1.8834e-04  1.5119e-04  1.2223e-04  9.7239e-05  7.6568e-05  5.9947e-05  4.5889e-05  1.9640e-05  3.9737e-06  8.0725e-07  2.5083e-07  3.2376e-07  3.4466e-07  2.9099e-07  2.2757e-07  1.7108e-07  1.2280e-07  8.7841e-08  6.2333e-08  4.3755e-08  3.0724e-08  2.1621e-08  1.5032e-08  1.0351e-08  7.0907e-09  4.6825e-09  2.8158e-09
    20  4.6582e-04  4.2713e-04  4.0245e-04  3.8369e-04  3.6338e-04  3.3972e-04  3.2300e-04  3.0057e-04  2.7137e-04  2.4582e-04  2.1618e-04  1.9014e-04  1.6357e-04  1.3467e-04  1.1191e-04  9.0129e-05  7.2318e-05  5.7224e-05  4.5584e-05  3.5128e-05  1.5157e-05  3.7011e-06  1.4923e-06  8.4873e-07  7.5222e-07  6.2832e-07  4.6451e-07  3.2647e-07  2.2793e-07  1.5684e-07  1.0707e-07  7.4764e-08  5.1598e-08  3.5864e-08  2.4701e-08  1.7048e-08  1.1703e-08  7.8991e-09  5.1914e-09  3.1440e-09
    21  3.2901e-04  3.0138e-04  2.8413e-04  2.7213e-04  2.5291e-04  2.4028e-04  2.2547e-04  2.1001e-04  1.9169e-04  1.7455e-04  1.5284e-04  1.3587e-04  1.1596e-04  9.9229e-05  8.1846e-05  6.6709e-05  5.3780e-05  4.2810e-05  3.3748e-05  2.6031e-05  1.5788e-05  7.4933e-06  4.1213e-06  2.4556e-06  1.5038e-06  9.6121e-07  6.2565e-07  4.1775e-07  2.8075e-07  1.8859e-07  1.2704e-07  8.6706e-08  5.9442e-08  4.0799e-08  2.7873e-08  1.8915e-08  1.2859e-08  8.6454e-09  5.6964e-09  3.4278e-09
    22  2.3230e-04  2.1339e-04  2.0196e-04  1.9100e-04  1.7947e-04  1.6926e-04  1.5893e-04  1.4784e-04  1.3652e-04  1.2211e-04  1.0938e-04  9.5429e-05  8.3052e-05  7.1217e-05  5.9947e-05  4.9025e-05  3.9947e-05  3.2199e-05  2.5196e-05  1.9396e-05  1.3849e-05  8.5699e-06  5.0034e-06  2.9584e-06  1.8266e-06  1.1557e-06  7.3923e-07  4.7913e-07  3.1881e-07  2.1276e-07  1.4281e-07  9.6127e-08  6.4663e-08  4.3619e-08  2.9958e-08  2.0485e-08  1.3642e-08  9.2615e-09  6.0859e-09  3.6346e-09
    23  1.6415e-04  1.5104e-04  1.4137e-04  1.3446e-04  1.2817e-04  1.1892e-04  1.1241e-04  1.0456e-04  9.6200e-05  8.6559e-05  7.7242e-05  6.8750e-05  5.9489e-05  5.0721e-05  4.3045e-05  3.6036e-05  2.9418e-05  2.3930e-05  1.8979e-05  1.4652e-05  1.0866e-05  7.5008e-06  4.8286e-06  3.0236e-06  1.9300e-06  1.2336e-06  7.9382e-07  5.1467e-07  3.3883e-07  2.2678e-07  1.5209e-07  1.0178e-07  6.8406e-08  4.6393e-08  3.1629e-08  2.1520e-08  1.4496e-08  9.7634e-09  6.3912e-09  3.7683e-09
    24  1.1606e-04  1.0641e-04  9.9050e-05  9.4390e-05  8.8999e-05  8.4359e-05  7.8794e-05  7.3959e-05  6.7823e-05  6.0977e-05  5.4673e-05  4.8546e-05  4.2283e-05  3.6629e-05  3.1152e-05  2.6246e-05  2.1641e-05  1.7558e-05  1.4121e-05  1.1182e-05  8.4600e-06  6.1084e-06  4.1800e-06  2.7899e-06  1.8170e-06  1.1932e-06  7.8397e-07  5.1789e-07  3.4263e-07  2.2864e-07  1.5194e-07  1.0250e-07  6.9337e-08  4.6655e-08  3.1572e-08  2.1448e-08  1.4562e-08  9.8253e-09  6.4247e-09  3.8256e-09
    25  8.2356e-05  7.5050e-05  7.0704e-05  6.6505e-05  6.3085e-05  5.8798e-05  5.5001e-05  5.1337e-05  4.8165e-05  4.3082e-05  3.8744e-05  3.4236e-05  3.0178e-05  2.6109e-05  2.2362e-05  1.8922e-05  1.5945e-05  1.2896e-05  1.0388e-05  8.3205e-06  6.4112e-06  4.8052e-06  3.4264e-06  2.3987e-06  1.6304e-06  1.0968e-06  7.3536e-07  4.9447e-07  3.3156e-07  2.2352e-07  1.5029e-07  1.0130e-07  6.8593e-08  4.6727e-08  3.1659e-08  2.1468e-08  1.4533e-08  9.7327e-09  6.4238e-09  3.8129e-09
    26  5.7540e-05  5.2944e-05  4.9438e-05  4.7036e-05  4.4135e-05  4.1924e-05  3.8985e-05  3.6269e-05  3.3647e-05  3.0269e-05  2.7408e-05  2.4190e-05  2.1609e-05  1.8617e-05  1.6080e-05  1.3773e-05  1.1604e-05  9.4870e-06  7.7476e-06  6.1813e-06  4.8769e-06  3.7237e-06  2.7457e-06  1.9709e-06  1.3987e-06  9.6010e-07  6.5305e-07  4.4556e-07  3.0310e-07  2.0785e-07  1.4166e-07  9.6251e-08  6.5767e-08  4.4970e-08  3.0546e-08  2.0818e-08  1.4043e-08  9.4742e-09  6.1948e-09  3.6892e-09
    27  4.0286e-05  3.7202e-05  3.4742e-05  3.3183e-05  3.0952e-05  2.9382e-05  2.7188e-05  2.5509e-05  2.3551e-05  2.1546e-05  1.9374e-05  1.7197e-05  1.5176e-05  1.3433e-05  1.1555e-05  9.8826e-06  8.3942e-06  7.0487e-06  5.6586e-06  4.5718e-06  3.6796e-06  2.8308e-06  2.1227e-06  1.5880e-06  1.1497e-06  8.1375e-07  5.6898e-07  3.9017e-07  2.7292e-07  1.8751e-07  1.2931e-07  8.8622e-08  6.0442e-08  4.1204e-08  2.8587e-08  1.9503e-08  1.3428e-08  8.9254e-09  5.9307e-09  3.5402e-09
    28  2.8279e-05  2.6000e-05  2.4485e-05  2.3269e-05  2.1694e-05  2.0588e-05  1.9214e-05  1.7984e-05  1.6747e-05  1.5127e-05  1.3748e-05  1.2339e-05  1.0870e-05  9.6114e-06  8.2444e-06  7.1209e-06  6.0756e-06  5.0837e-06  4.1705e-06  3.3869e-06  2.7136e-06  2.1360e-06  1.6348e-06  1.2264e-06  9.1234e-07  6.6915e-07  4.7720e-07  3.3546e-07  2.3430e-07  1.6611e-07  1.1505e-07  7.9090e-08  5.4912e-08  3.8203e-08  2.6475e-08  1.8020e-08  1.2338e-08  8.4911e-09  5.5919e-09  3.3341e-09
    29  1.9879e-05  1.8095e-05  1.7178e-05  1.6290e-05  1.5288e-05  1.4424e-05  1.3628e-05  1.2637e-05  1.1812e-05  1.0668e-05  9.7363e-06  8.7472e-06  7.7799e-06  6.8384e-06  5.9160e-06  5.1361e-06  4.3273e-06  3.6982e-06  3.0740e-06  2.4755e-06  2.0157e-06  1.5935e-06  1.2466e-06  9.6029e-07  7.1671e-07  5.3498e-07  3.9306e-07  2.7828e-07  1.9931e-07  1.4005e-07  9.8822e-08  6.9839e-08  4.8488e-08  3.3905e-08  2.3599e-08  1.6640e-08  1.1375e-08  7.7200e-09  5.0949e-09  3.0941e-09
    30  1.3933e-05  1.2733e-05  1.2017e-05  1.1359e-05  1.0818e-05  1.0286e-05  9.5520e-06  8.9445e-06  8.3118e-06  7.5232e-06  6.8654e-06  6.1743e-06  5.4920e-06  4.9012e-06  4.2503e-06  3.6819e-06  3.1168e-06  2.6446e-06  2.2376e-06  1.8231e-06  1.4930e-06  1.1968e-06  9.3992e-07  7.3162e-07  5.6060e-07  4.2143e-07  3.1010e-07  2.2935e-07  1.6552e-07  1.1765e-07  8.3794e-08  5.9526e-08  4.2155e-08  2.9698e-08  2.0695e-08  1.4494e-08  1.0080e-08  6.9493e-09  4.5668e-09  2.7739e-09
    31  9.7107e-06  8.9811e-06  8.5283e-06  7.9369e-06  7.5435e-06  7.1874e-06  6.7022e-06  6.2517e-06  5.8506e-06  5.3246e-06  4.8455e-06  4.3481e-06  3.9107e-06  3.4610e-06  3.0449e-06  2.6213e-06  2.2697e-06  1.9171e-06  1.6265e-06  1.3543e-06  1.0972e-06  8.9456e-07  7.0804e-07  5.5395e-07  4.2866e-07  3.2737e-07  2.4589e-07  1.8277e-07  1.3320e-07  9.7796e-08  6.9847e-08  5.0049e-08  3.5850e-08  2.5402e-08  1.8025e-08  1.2574e-08  8.8249e-09  6.0868e-09  4.1264e-09  2.5243e-09
    32  6.7331e-06  6.3273e-06  5.9629e-06  5.5691e-06  5.2738e-06  5.0187e-06  4.7163e-06  4.4338e-06  4.1079e-06  3.7523e-06  3.4059e-06  3.0661e-06  2.7551e-06  2.4704e-06  2.1662e-06  1.8737e-06  1.6295e-06  1.3953e-06  1.1720e-06  9.7439e-07  8.1241e-07  6.5906e-07  5.2788e-07  4.2133e-07  3.2756e-07  2.5245e-07  1.9054e-07  1.4478e-07  1.0665e-07  7.8765e-08  5.7934e-08  4.1407e-08  2.9764e-08  2.1219e-08  1.5220e-08  1.0900e-08  7.6106e-09  5.2848e-09  3.5624e-09  2.1639e-09
    33  4.7062e-06  4.3808e-06  4.1623e-06  3.9470e-06  3.7001e-06  3.4992e-06  3.3258e-06  3.1005e-06  2.8876e-06  2.6530e-06  2.4233e-06  2.1712e-06  1.9501e-06  1.7532e-06  1.5512e-06  1.3481e-06  1.1586e-06  1.0094e-06  8.4618e-07  7.1123e-07  5.8700e-07  4.8417e-07  3.9187e-07  3.1357e-07  2.4463e-07  1.8989e-07  1.4589e-07  1.1177e-07  8.5118e-08  6.3138e-08  4.6335e-08  3.4096e-08  2.4637e-08  1.7684e-08  1.2768e-08  9.2038e-09  6.5022e-09  4.5282e-09  3.0412e-09  1.8744e-09
    34  3.2838e-06  3.0659e-06  2.9046e-06  2.7580e-06  2.6222e-06  2.4497e-06  2.3206e-06  2.1965e-06  2.0134e-06  1.8668e-06  1.7097e-06  1.5430e-06  1.3836e-06  1.2331e-06  1.1019e-06  9.6192e-07  8.3342e-07  7.2244e-07  6.1411e-07  5.1317e-07  4.2517e-07  3.5344e-07  2.8936e-07  2.3290e-07  1.8587e-07  1.4576e-07  1.1202e-07  8.5855e-08  6.5273e-08  4.9722e-08  3.7066e-08  2.7610e-08  2.0392e-08  1.4692e-08  1.0630e-08  7.6396e-09  5.4641e-09  3.8344e-09  2.6382e-09  1.6102e-09
    35  2.2975e-06  2.1449e-06  2.0277e-06  1.9299e-06  1.8417e-06  1.7213e-06  1.6062e-06  1.5065e-06  1.4232e-06  1.3269e-06  1.2118e-06  1.0951e-06  9.8206e-07  8.7450e-07  7.7492e-07  6.8198e-07  6.0136e-07  5.2027e-07  4.4152e-07  3.7135e-07  3.1103e-07  2.5739e-07  2.1116e-07  1.7284e-07  1.3931e-07  1.0887e-07  8.5151e-08  6.5778e-08  5.0758e-08  3.8570e-08  2.9178e-08  2.1912e-08  1.6365e-08  1.2072e-08  8.7687e-09  6.3039e-09  4.4917e-09  3.1775e-09  2.1807e-09  1.3564e-09
    36  1.6022e-06  1.4923e-06  1.4116e-06  1.3305e-06  1.2808e-06  1.2158e-06  1.1285e-06  1.0617e-06  9.9265e-07  9.3348e-07  8.5078e-07  7.7102e-07  6.9662e-07  6.2019e-07  5.4718e-07  4.8645e-07  4.2697e-07  3.7096e-07  3.1649e-07  2.6775e-07  2.2568e-07  1.8806e-07  1.5442e-07  1.2609e-07  1.0311e-07  8.1588e-08  6.4619e-08  5.0018e-08  3.8386e-08  2.9911e-08  2.2761e-08  1.7246e-08  1.2735e-08  9.4802e-09  7.0553e-09  5.1845e-09  3.7226e-09  2.6139e-09  1.7976e-09  1.1232e-09
    37  1.1058e-06  1.0435e-06  9.8621e-07  9.3429e-07  8.8566e-07  8.4711e-07  7.9050e-07  7.3929e-07  6.9700e-07  6.4314e-07  5.9224e-07  5.4122e-07  4.8920e-07  4.3912e-07  3.8555e-07  3.4191e-07  3.0249e-07  2.6151e-07  2.2518e-07  1.9220e-07  1.6160e-07  1.3535e-07  1.1267e-07  9.1872e-08  7.5281e-08  6.0397e-08  4.8448e-08  3.7657e-08  2.9011e-08  2.2420e-08  1.7329e-08  1.3225e-08  9.9550e-09  7.4489e-09  5.5740e-09  4.0775e-09  2.9715e-09  2.1365e-09  1.4722e-09  9.1751e-10
    38  7.6134e-07  7.0797e-07  6.7617e-07  6.4240e-07  6.0366e-07  5.7760e-07  5.4560e-07  5.0993e-07  4.7615e-07  4.4334e-07  4.0802e-07  3.7598e-07  3.3772e-07  3.0664e-07  2.7089e-07  2.3894e-07  2.1193e-07  1.8294e-07  1.5814e-07  1.3616e-07  1.1412e-07  9.6211e-08  8.0050e-08  6.5797e-08  5.3582e-08  4.4025e-08  3.5134e-08  2.7674e-08  2.1579e-08  1.6682e-08  1.2929e-08  9.9341e-09  7.5371e-09  5.6867e-09  4.2066e-09  3.1547e-09  2.2947e-09  1.6593e-09  1.1505e-09  7.2666e-10
    39  5.1080e-07  4.7459e-07  4.5416e-07  4.2718e-07  4.0076e-07  3.8733e-07  3.6321e-07  3.4213e-07  3.1924e-07  2.9992e-07  2.7223e-07  2.5091e-07  2.2821e-07  2.0712e-07  1.8542e-07  1.6273e-07  1.4301e-07  1.2513e-07  1.0798e-07  9.1930e-08  7.8648e-08  6.6180e-08  5.5468e-08  4.5707e-08  3.7801e-08  3.0212e-08  2.4689e-08  1.9805e-08  1.5401e-08  1.1971e-08  9.2894e-09  7.1536e-09  5.4502e-09  4.1328e-09  3.1431e-09  2.3195e-09  1.6989e-09  1.2283e-09  8.6240e-10  5.5117e-10
    40  3.0813e-07  2.8667e-07  2.7580e-07  2.6056e-07  2.4711e-07  2.3652e-07  2.2226e-07  2.1004e-07  1.9582e-07  1.8457e-07  1.6732e-07  1.5198e-07  1.4131e-07  1.2708e-07  1.1554e-07  1.0070e-07  8.8866e-08  7.8095e-08  6.7613e-08  5.7843e-08  4.9469e-08  4.1429e-08  3.5177e-08  2.8837e-08  2.3950e-08  1.9202e-08  1.5627e-08  1.2703e-08  1.0010e-08  7.6948e-09  6.0368e-09  4.6942e-09  3.6058e-09  2.7385e-09  2.0522e-09  1.5453e-09  1.1289e-09  8.2270e-10  5.8503e-10  3.7653e-10
