 iy/ix           1           2           3           4           5           6           7           8           9          10          11          12          13          14          15          16          17          18          19          20          21          22          23          24          25          26          27          28          29          30          31          32          33          34          35          36          37          38          39          40
     1  9.9486e-01  1.0000e+00  9.8348e-01  9.6719e-01  9.5702e-01  9.3344e-01  8.9711e-01  8.3529e-01  7.4469e-01  5.8914e-01  3.5294e-01  2.2888e-01  1.5544e-01  1.0625e-01  7.2392e-02  4.9978e-02  3.4288e-02  2.3947e-02  1.6530e-02  1.1532e-02  4.4836e-03  7.6306e-04  1.2723e-04  2.1712e-05  6.5270e-06  4.4784e-06  3.1110e-06  2.1614e-06  1.5002e-06  1.0317e-06  7.1497e-07  4.9572e-07  3.4416e-07  2.3764e-07  1.6458e-07  1.1426e-07  7.7456e-08  5.1538e-08  3.2405e-08  1.6013e-08
     2  9.9125e-01  9.8846e-01  9.8021e-01  9.6957e-01  9.5374e-01  9.3119e-01  8.9181e-01  8.3370e-01  7.4213e-01  5.8762e-01  3.5374e-01  2.2754e-01  1.5329e-01  1.0477e-01  7.2142e-02  4.9434e-02  3.4413e-02  2.3695e-02  1.6380e-02  1.1456e-02  4.4346e-03  7.5767e-04  1.2842e-04  2.1628e-05  6.4395e-06  4.4558e-06  3.0817e-06  2.1270e-06  1.4792e-06  1.0322e-06  7.1213e-07  4.9628e-07  3.4345e-07  2.3613e-07  1.6353e-07  1.1288e-07  7.7062e-08  5.1544e-08  3.2124e-08  1.5787e-08
     3  9.8648e-01  9.7744e-01  9.7179e-01  9.6432e-01  9.4904e-01  9.2624e-01  8.8848e-01  8.3073e-01  7.4293e-01  5.8457e-01  3.5208e-01  2.2449e-01  1.5055e-01  1.0284e-01  7.0442e-02  4.8799e-02  3.3633e-02  2.3150e-02  1.6038e-02  1.1168e-02  4.3704e-03  7.4158e-04  1.2581e-04  2.1147e-05  6.3421e-06  4.3673e-06  3.0288e-06  2.0935e-06  1.4570e-06  1.0116e-06  6.9642e-07  4.8542e-07  3.3894e-07  2.3467e-07  1.6223e-07  1.1235e-07  7.6661e-08  5.0956e-08  3.1917e-08  1.5553e-08
     4  9.7779e-01  9.6895e-01  9.6103e-01  9.4741e-01  9.4024e-01  9.1263e-01  8.7474e-01  8.2302e-01  7.3504e-01  5.7948e-01  3.4412e-01  2.2171e-01  1.4745e-01  1.0080e-01  6.9040e-02  4.7364e-02  3.2491e-02  2.2353e-02  1.5548e-02  1.0836e-02  4.2474e-03  7.2347e-04  1.2182e-04  2.0685e-05  6.1155e-06  4.2488e-06  2.9655e-06  2.0458e-06  1.4184e-06  9.8256e-07  6.7906e-07  4.7134e-07  3.3069e-07  2.2956e-07  1.5867e-07  1.1074e-07  7.5717e-08  5.0458e-08  3.1525e-08  1.5564e-08
     5  9.5675e-01  9.5321e-01  9.4574e-01  9.3174e-01  9.2031e-01  8.9742e-01  8.6675e-01  8.0819e-01  7.2289e-01  5.7230e-01  3.3879e-01  2.1593e-01  1.4358e-01  9.7274e-02  6.6014e-02  4.5463e-02  3.1155e-02  2.1532e-02  1.4938e-02  1.0368e-02  4.0545e-03  6.8551e-04  1.1692e-04  1.9579e-05  5.8732e-06  4.0941e-06  2.8484e-06  1.9730e-06  1.3689e-06  9.5089e-07  6.5959e-07  4.5736e-07  3.2062e-07  2.2360e-07  1.5655e-07  1.0803e-07  7.4192e-08  4.9880e-08  3.1352e-08  1.5473e-08
     6  9.3088e-01  9.3244e-01  9.2425e-01  9.1000e-01  8.9478e-01  8.7515e-01  8.4078e-01  7.8682e-01  7.0629e-01  5.5772e-01  3.2698e-01  2.0698e-01  1.3748e-01  9.2092e-02  6.2722e-02  4.3032e-02  2.9422e-02  2.0333e-02  1.4185e-02  9.8150e-03  3.8452e-03  6.5341e-04  1.1074e-04  1.8571e-05  5.5508e-06  3.8518e-06  2.6923e-06  1.8752e-06  1.3121e-06  9.1242e-07  6.3266e-07  4.4093e-07  3.1017e-07  2.1720e-07  1.5229e-07  1.0539e-07  7.2737e-08  4.9125e-08  3.0958e-08  1.5350e-08
     7  8.9171e-01  8.8885e-01  8.8616e-01  8.7841e-01  8.5906e-01  8.4144e-01  8.0987e-01  7.5720e-01  6.7570e-01  5.3317e-01  3.0860e-01  1.9399e-01  1.2816e-01  8.6281e-02  5.8780e-02  4.0142e-02  2.7419e-02  1.8887e-02  1.3206e-02  9.2242e-03  3.5943e-03  6.0874e-04  1.0248e-04  1.7164e-05  5.1853e-06  3.6317e-06  2.5324e-06  1.7694e-06  1.2329e-06  8.6565e-07  6.0324e-07  4.2238e-07  2.9931e-07  2.1083e-07  1.4718e-07  1.0336e-07  7.1550e-08  4.8504e-08  3.0793e-08  1.5334e-08
     8  8.3571e-01  8.3098e-01  8.2806e-01  8.2149e-01  8.0784e-01  7.9109e-01  7.6127e-01  7.1508e-01  6.4563e-01  5.0392e-01  2.8574e-01  1.7626e-01  1.1733e-01  7.9290e-02  5.3796e-02  3.6584e-02  2.5326e-02  1.7478e-02  1.2108e-02  8.5082e-03  3.3383e-03  5.6142e-04  9.4232e-05  1.5763e-05  4.7868e-06  3.3525e-06  2.3566e-06  1.6587e-06  1.1603e-06  8.1815e-07  5.7489e-07  4.0758e-07  2.8978e-07  2.0510e-07  1.4477e-07  1.0231e-07  7.1182e-08  4.8194e-08  3.0629e-08  1.5398e-08
     9  7.4456e-01  7.4441e-01  7.4168e-01  7.3565e-01  7.2485e-01  7.1024e-01  6.8177e-01  6.3965e-01  5.7390e-01  4.5365e-01  2.5136e-01  1.5549e-01  1.0305e-01  6.9572e-02  4.7550e-02  3.2606e-02  2.2535e-02  1.5694e-02  1.0912e-02  7.6496e-03  2.9912e-03  5.0699e-04  8.5220e-05  1.4375e-05  4.4080e-06  3.0791e-06  2.1780e-06  1.5381e-06  1.0853e-06  7.7309e-07  5.5158e-07  3.9416e-07  2.8174e-07  2.0099e-07  1.4317e-07  1.0233e-07  7.1349e-08  4.8776e-08  3.1028e-08  1.5518e-08
    10  5.9215e-01  5.9017e-01  5.8542e-01  5.8432e-01  5.7367e-01  5.5671e-01  5.3347e-01  5.0320e-01  4.5150e-01  3.5830e-01  2.0028e-01  1.2828e-01  8.6754e-02  5.9157e-02  4.0860e-02  2.8382e-02  1.9732e-02  1.3784e-02  9.6507e-03  6.7201e-03  2.6471e-03  4.5052e-04  7.6463e-05  1.2926e-05  3.9835e-06  2.8137e-06  2.0086e-06  1.4235e-06  1.0221e-06  7.4083e-07  5.3175e-07  3.8397e-07  2.7770e-07  1.9986e-07  1.4360e-07  1.0275e-07  7.2500e-08  4.9872e-08  3.1838e-08  1.5972e-08
    11  3.5484e-01  3.5321e-01  3.5144e-01  3.4809e-01  3.3856e-01  3.2812e-01  3.0958e-01  2.8371e-01  2.4796e-01  1.9958e-01  1.4111e-01  9.9223e-02  6.9425e-02  4.8742e-02  3.4293e-02  2.4053e-02  1.6889e-02  1.1900e-02  8.3593e-03  5.8582e-03  2.3133e-03  3.9371e-04  6.6519e-05  1.1321e-05  3.6017e-06  2.5694e-06  1.8473e-06  1.3373e-06  9.7556e-07  7.1866e-07  5.2130e-07  3.8211e-07  2.8035e-07  2.0402e-07  1.4852e-07  1.0650e-07  7.5182e-08  5.1645e-08  3.3228e-08  1.6771e-08
    12  2.2858e-01  2.2767e-01  2.2552e-01  2.2167e-01  2.1547e-01  2.0616e-01  1.9427e-01  1.7627e-01  1.5384e-01  1.2740e-01  9.8921e-02  7.3413e-02  5.3852e-02  3.8921e-02  2.7850e-02  1.9812e-02  1.4044e-02  9.9419e-03  7.0841e-03  4.9934e-03  1.9717e-03  3.3168e-04  5.6758e-05  9.7299e-06  3.1928e-06  2.3271e-06  1.7275e-06  1.2809e-06  9.5087e-07  7.0980e-07  5.2692e-07  3.9251e-07  2.8910e-07  2.1142e-07  1.5504e-07  1.1225e-07  7.9623e-08  5.4955e-08  3.5451e-08  1.7984e-08
    13  1.5425e-01  1.5255e-01  1.5095e-01  1.4764e-01  1.4271e-01  1.3720e-01  1.2816e-01  1.1644e-01  1.0196e-01  8.6054e-02  6.8918e-02  5.3457e-02  4.0394e-02  3.0111e-02  2.1989e-02  1.6000e-02  1.1506e-02  8.2205e-03  5.8940e-03  4.1923e-03  1.6475e-03  2.7757e-04  4.7171e-05  8.1270e-06  2.8477e-06  2.1609e-06  1.6407e-06  1.2617e-06  9.6623e-07  7.3007e-07  5.5045e-07  4.1284e-07  3.0911e-07  2.2843e-07  1.6749e-07  1.2092e-07  8.6159e-08  5.9656e-08  3.8526e-08  1.9518e-08
    14  1.0510e-01  1.0411e-01  1.0214e-01  9.9871e-02  9.6468e-02  9.2071e-02  8.5834e-02  7.8199e-02  6.9445e-02  5.8975e-02  4.8335e-02  3.8703e-02  2.9773e-02  2.2746e-02  1.6979e-02  1.2553e-02  9.2058e-03  6.7246e-03  4.8280e-03  3.4563e-03  1.3617e-03  2.3142e-04  3.8816e-05  6.8776e-06  2.6215e-06  2.0661e-06  1.6454e-06  1.2965e-06  1.0101e-06  7.8518e-07  5.9941e-07  4.5302e-07  3.3858e-07  2.5312e-07  1.8595e-07  1.3542e-07  9.6073e-08  6.6454e-08  4.2762e-08  2.1444e-08
    15  7.1638e-02  7.1332e-02  7.0055e-02  6.8280e-02  6.5765e-02  6.2761e-02  5.8234e-02  5.3746e-02  4.7430e-02  4.0801e-02  3.4189e-02  2.7656e-02  2.2034e-02  1.7130e-02  1.2956e-02  9.6978e-03  7.3089e-03  5.3796e-03  3.8995e-03  2.7899e-03  1.1001e-03  1.8535e-04  3.1423e-05  5.7298e-06  2.5200e-06  2.1150e-06  1.7392e-06  1.4172e-06  1.1368e-06  8.8924e-07  6.8413e-07  5.2015e-07  3.8840e-07  2.8878e-07  2.1086e-07  1.5262e-07  1.0922e-07  7.4446e-08  4.7464e-08  2.3854e-08
    16  4.9531e-02  4.9100e-02  4.8244e-02  4.6697e-02  4.5223e-02  4.2804e-02  4.0114e-02  3.6595e-02  3.2840e-02  2.8504e-02  2.3964e-02  1.9840e-02  1.6107e-02  1.2601e-02  9.7637e-03  7.4243e-03  5.5957e-03  4.1964e-03  3.0779e-03  2.2288e-03  8.7478e-04  1.4571e-04  2.5057e-05  4.7329e-06  2.5903e-06  2.3114e-06  2.0125e-06  1.6797e-06  1.3494e-06  1.0566e-06  8.1759e-07  6.1361e-07  4.5740e-07  3.3570e-07  2.4336e-07  1.7539e-07  1.2319e-07  8.4230e-08  5.3614e-08  2.6610e-08
    17  3.4181e-02  3.3720e-02  3.3166e-02  3.2191e-02  3.1086e-02  2.9546e-02  2.7524e-02  2.5153e-02  2.2659e-02  1.9713e-02  1.6853e-02  1.4016e-02  1.1470e-02  9.2222e-03  7.2460e-03  5.6011e-03  4.2938e-03  3.2371e-03  2.3889e-03  1.7402e-03  6.8902e-04  1.1553e-04  1.9747e-05  4.1260e-06  2.9114e-06  2.8186e-06  2.5282e-06  2.1154e-06  1.7034e-06  1.3215e-06  9.9838e-07  7.4152e-07  5.4743e-07  3.9805e-07  2.8363e-07  2.0284e-07  1.4158e-07  9.6777e-08  6.0891e-08  3.0000e-08
    18  2.3591e-02  2.3202e-02  2.2786e-02  2.2269e-02  2.1434e-02  2.0227e-02  1.8900e-02  1.7254e-02  1.5591e-02  1.3745e-02  1.1856e-02  9.9355e-03  8.2302e-03  6.7332e-03  5.3674e-03  4.2160e-03  3.2619e-03  2.4743e-03  1.8521e-03  1.3437e-03  5.3087e-04  8.9365e-05  1.6042e-05  4.0930e-06  3.7870e-06  3.8581e-06  3.4503e-06  2.8774e-06  2.2421e-06  1.6865e-06  1.2419e-06  9.0840e-07  6.5744e-07  4.7078e-07  3.3142e-07  2.3348e-07  1.6205e-07  1.0903e-07  6.8473e-08  3.3695e-08
    19  1.6166e-02  1.6057e-02  1.5709e-02  1.5322e-02  1.4724e-02  1.3932e-02  1.3014e-02  1.1954e-02  1.0815e-02  9.6279e-03  8.3003e-03  7.0598e-03  5.9177e-03  4.8350e-03  3.9269e-03  3.1235e-03  2.4462e-03  1.8794e-03  1.4119e-03  1.0362e-03  4.0854e-04  7.2351e-05  1.5679e-05  5.7117e-06  6.0437e-06  6.0449e-06  5.1443e-06  4.0056e-06  2.9692e-06  2.1889e-06  1.5551e-06  1.1112e-06  7.8594e-07  5.5215e-07  3.8706e-07  2.6714e-07  1.8353e-07  1.2218e-07  7.7116e-08  3.7720e-08
    20  1.1190e-02  1.1055e-02  1.0862e-02  1.0557e-02  1.0177e-02  9.6381e-03  8.9937e-03  8.2622e-03  7.4926e-03  6.6829e-03  5.8518e-03  5.0039e-03  4.2232e-03  3.4916e-03  2.8552e-03  2.3060e-03  1.8127e-03  1.3948e-03  1.0602e-03  7.7178e-04  3.2254e-04  8.2099e-05  3.1864e-05  1.6922e-05  1.2786e-05  1.0464e-05  7.7146e-06  5.5604e-06  3.9232e-06  2.7444e-06  1.9160e-06  1.3411e-06  9.2624e-07  6.3875e-07  4.3981e-07  3.0157e-07  2.0441e-07  1.3634e-07  8.4186e-08  4.1298e-08
    21  7.7380e-03  7.6975e-03  7.5353e-03  7.3108e-03  6.9877e-03  6.6602e-03  6.1993e-03  5.7061e-03  5.1828e-03  4.6782e-03  4.1081e-03  3.5320e-03  2.9909e-03  2.5085e-03  2.0591e-03  1.6688e-03  1.3400e-03  1.0352e-03  7.8828e-04  5.5494e-04  3.0262e-04  1.4132e-04  7.4861e-05  4.2700e-05  2.5184e-05  1.6207e-05  1.0696e-05  7.2214e-06  4.8612e-06  3.2883e-06  2.2462e-06  1.5280e-06  1.0474e-06  7.1545e-07  4.8728e-07  3.3085e-07  2.2284e-07  1.4863e-07  9.1098e-08  4.4517e-08
    22  5.4034e-03  5.3527e-03  5.2221e-03  5.0314e-03  4.8395e-03  4.6514e-03  4.3113e-03  3.9822e-03  3.6078e-03  3.2277e-03  2.8728e-03  2.4971e-03  2.1372e-03  1.8028e-03  1.4956e-03  1.2243e-03  9.7932e-04  7.7030e-04  5.8385e-04  4.2017e-04  2.7132e-04  1.5877e-04  9.0781e-05  5.2776e-05  3.2224e-05  2.0151e-05  1.2984e-05  8.5038e-06  5.6406e-06  3.7713e-06  2.5278e-06  1.6947e-06  1.1502e-06  7.8036e-07  5.3541e-07  3.6120e-07  2.4215e-07  1.5980e-07  9.8792e-08  4.7307e-08
    23  3.7133e-03  3.6609e-03  3.6083e-03  3.5029e-03  3.3465e-03  3.1727e-03  2.9844e-03  2.7631e-03  2.5172e-03  2.2745e-03  2.0259e-03  1.7637e-03  1.5186e-03  1.2804e-03  1.0679e-03  8.8981e-04  7.1811e-04  5.6573e-04  4.3280e-04  3.1967e-04  2.2273e-04  1.4586e-04  9.0658e-05  5.6469e-05  3.5276e-05  2.2171e-05  1.4314e-05  9.2975e-06  6.1417e-06  4.0784e-06  2.7217e-06  1.8243e-06  1.2322e-06  8.3035e-07  5.6180e-07  3.8238e-07  2.5560e-07  1.6740e-07  1.0299e-07  4.9056e-08
    24  2.5627e-03  2.5290e-03  2.4967e-03  2.4173e-03  2.3217e-03  2.1874e-03  2.0608e-03  1.9203e-03  1.7602e-03  1.5896e-03  1.4141e-03  1.2356e-03  1.0740e-03  9.1235e-04  7.7213e-04  6.3777e-04  5.1804e-04  4.1447e-04  3.2448e-04  2.4319e-04  1.7470e-04  1.2229e-04  8.1176e-05  5.3083e-05  3.4325e-05  2.2262e-05  1.4553e-05  9.5199e-06  6.3109e-06  4.1921e-06  2.7994e-06  1.8695e-06  1.2672e-06  8.5274e-07  5.7790e-07  3.9097e-07  2.6050e-07  1.7024e-07  1.0491e-07  5.0266e-08
    25  1.7597e-03  1.7566e-03  1.7250e-03  1.6641e-03  1.6119e-03  1.5237e-03  1.4422e-03  1.3351e-03  1.2293e-03  1.1097e-03  9.9367e-04  8.7492e-04  7.6217e-04  6.5596e-04  5.5152e-04  4.6052e-04  3.7659e-04  3.0215e-04  2.4065e-04  1.8331e-04  1.3684e-04  9.8622e-05  6.8384e-05  4.6573e-05  3.1200e-05  2.0868e-05  1.3891e-05  9.2302e-06  6.1631e-06  4.1106e-06  2.7619e-06  1.8647e-06  1.2455e-06  8.4705e-07  5.7263e-07  3.8587e-07  2.5895e-07  1.6976e-07  1.0487e-07  4.9775e-08
    26  1.2236e-03  1.2150e-03  1.1908e-03  1.1565e-03  1.1188e-03  1.0550e-03  1.0019e-03  9.3066e-04  8.5518e-04  7.7185e-04  6.9436e-04  6.1815e-04  5.4054e-04  4.6484e-04  3.9608e-04  3.3352e-04  2.7337e-04  2.2247e-04  1.7607e-04  1.3770e-04  1.0427e-04  7.7247e-05  5.5028e-05  3.8838e-05  2.6897e-05  1.8443e-05  1.2589e-05  8.5405e-06  5.7340e-06  3.8797e-06  2.6145e-06  1.7758e-06  1.2125e-06  8.2633e-07  5.5974e-07  3.7647e-07  2.5382e-07  1.6482e-07  1.0210e-07  4.9249e-08
    27  8.4935e-04  8.4248e-04  8.2458e-04  8.0305e-04  7.6920e-04  7.3389e-04  6.9594e-04  6.4661e-04  5.9786e-04  5.4192e-04  4.8667e-04  4.3102e-04  3.7817e-04  3.2914e-04  2.8281e-04  2.3634e-04  1.9602e-04  1.6222e-04  1.2963e-04  1.0247e-04  7.8394e-05  5.9182e-05  4.4011e-05  3.1654e-05  2.2361e-05  1.5698e-05  1.0837e-05  7.5247e-06  5.1534e-06  3.5428e-06  2.4063e-06  1.6460e-06  1.1266e-06  7.7151e-07  5.2607e-07  3.5743e-07  2.3988e-07  1.5729e-07  9.7512e-08  4.6903e-08
    28  5.8864e-04  5.8748e-04  5.7412e-04  5.5534e-04  5.3394e-04  5.0922e-04  4.7949e-04  4.4827e-04  4.1531e-04  3.7835e-04  3.4092e-04  3.0395e-04  2.6946e-04  2.3449e-04  2.0108e-04  1.6945e-04  1.4160e-04  1.1669e-04  9.4183e-05  7.5607e-05  5.8977e-05  4.5286e-05  3.3894e-05  2.5151e-05  1.8216e-05  1.2938e-05  9.1329e-06  6.4193e-06  4.5235e-06  3.1396e-06  2.1572e-06  1.4809e-06  1.0284e-06  7.0438e-07  4.8694e-07  3.3232e-07  2.2410e-07  1.4768e-07  9.1170e-08  4.4352e-08
    29  4.1030e-04  4.0543e-04  3.9725e-04  3.8529e-04  3.6934e-04  3.5215e-04  3.3126e-04  3.1099e-04  2.8767e-04  2.6385e-04  2.3968e-04  2.1463e-04  1.8922e-04  1.6587e-04  1.4358e-04  1.2133e-04  1.0223e-04  8.4566e-05  6.8807e-05  5.5589e-05  4.3916e-05  3.4221e-05  2.6031e-05  1.9472e-05  1.4436e-05  1.0478e-05  7.5535e-06  5.4411e-06  3.8486e-06  2.6952e-06  1.8854e-06  1.3166e-06  9.1834e-07  6.3783e-07  4.4062e-07  3.0257e-07  2.0550e-07  1.3475e-07  8.3737e-08  4.0756e-08
    30  2.8324e-04  2.7905e-04  2.7372e-04  2.6632e-04  2.5588e-04  2.4509e-04  2.3093e-04  2.1585e-04  2.0065e-04  1.8468e-04  1.6782e-04  1.5064e-04  1.3371e-04  1.1782e-04  1.0182e-04  8.6912e-05  7.3433e-05  6.1310e-05  5.0325e-05  4.0640e-05  3.2609e-05  2.5707e-05  1.9926e-05  1.5076e-05  1.1311e-05  8.3645e-06  6.1482e-06  4.4367e-06  3.1953e-06  2.2702e-06  1.5971e-06  1.1342e-06  7.9542e-07  5.6052e-07  3.8969e-07  2.6943e-07  1.8425e-07  1.2212e-07  7.6677e-08  3.7082e-08
    31  1.9506e-04  1.9313e-04  1.8911e-04  1.8406e-04  1.7814e-04  1.7036e-04  1.6005e-04  1.5140e-04  1.3986e-04  1.2859e-04  1.1702e-04  1.0586e-04  9.4130e-05  8.3039e-05  7.2218e-05  6.1933e-05  5.2415e-05  4.3987e-05  3.6566e-05  2.9753e-05  2.3950e-05  1.9103e-05  1.4944e-05  1.1600e-05  8.8058e-06  6.6384e-06  4.9141e-06  3.5817e-06  2.5972e-06  1.8782e-06  1.3486e-06  9.5933e-07  6.7959e-07  4.8306e-07  3.3792e-07  2.3578e-07  1.6215e-07  1.0864e-07  6.7588e-08  3.3221e-08
    32  1.3460e-04  1.3372e-04  1.3170e-04  1.2799e-04  1.2333e-04  1.1791e-04  1.1166e-04  1.0548e-04  9.7361e-05  9.0352e-05  8.2614e-05  7.4175e-05  6.5868e-05  5.8428e-05  5.1190e-05  4.4298e-05  3.7567e-05  3.1643e-05  2.6344e-05  2.1698e-05  1.7573e-05  1.4131e-05  1.1110e-05  8.7587e-06  6.7141e-06  5.1360e-06  3.8446e-06  2.8432e-06  2.0985e-06  1.5440e-06  1.1123e-06  7.9353e-07  5.6737e-07  4.0474e-07  2.8780e-07  2.0105e-07  1.3902e-07  9.4047e-08  5.9236e-08  2.9136e-08
    33  9.4074e-05  9.2761e-05  9.0940e-05  8.8557e-05  8.5369e-05  8.2153e-05  7.7898e-05  7.3669e-05  6.8198e-05  6.3017e-05  5.7589e-05  5.1993e-05  4.6660e-05  4.1521e-05  3.6312e-05  3.1540e-05  2.6766e-05  2.2586e-05  1.9051e-05  1.5783e-05  1.2892e-05  1.0359e-05  8.3259e-06  6.5707e-06  5.1152e-06  3.9277e-06  2.9724e-06  2.2237e-06  1.6695e-06  1.2425e-06  9.0161e-07  6.5215e-07  4.7038e-07  3.3784e-07  2.3859e-07  1.7011e-07  1.1806e-07  8.0070e-08  5.0660e-08  2.5131e-08
    34  6.5136e-05  6.4361e-05  6.3273e-05  6.1182e-05  5.9305e-05  5.6691e-05  5.3688e-05  5.0666e-05  4.7478e-05  4.3799e-05  4.0144e-05  3.6419e-05  3.2715e-05  2.9141e-05  2.5517e-05  2.2258e-05  1.9215e-05  1.6269e-05  1.3760e-05  1.1469e-05  9.3946e-06  7.6527e-06  6.1752e-06  4.8636e-06  3.8511e-06  2.9844e-06  2.2709e-06  1.7191e-06  1.3066e-06  9.7584e-07  7.2051e-07  5.2479e-07  3.7993e-07  2.7586e-07  1.9779e-07  1.4184e-07  9.9584e-08  6.7380e-08  4.3219e-08  2.1287e-08
    35  4.5134e-05  4.4373e-05  4.3418e-05  4.2124e-05  4.0756e-05  3.9135e-05  3.7046e-05  3.5157e-05  3.2866e-05  3.0479e-05  2.7905e-05  2.5646e-05  2.2912e-05  2.0402e-05  1.8039e-05  1.5752e-05  1.3574e-05  1.1685e-05  9.8963e-06  8.2259e-06  6.8295e-06  5.5433e-06  4.4888e-06  3.6006e-06  2.8433e-06  2.2246e-06  1.7240e-06  1.3227e-06  1.0113e-06  7.5594e-07  5.6338e-07  4.1627e-07  3.0493e-07  2.2269e-07  1.6164e-07  1.1575e-07  8.1603e-08  5.5892e-08  3.5598e-08  1.7609e-08
    36  3.0632e-05  3.0527e-05  2.9744e-05  2.9013e-05  2.8084e-05  2.7001e-05  2.5724e-05  2.4269e-05  2.2744e-05  2.0999e-05  1.9404e-05  1.7815e-05  1.5979e-05  1.4339e-05  1.2638e-05  1.1042e-05  9.5410e-06  8.1869e-06  6.9932e-06  5.8702e-06  4.8650e-06  4.0087e-06  3.2500e-06  2.6198e-06  2.0887e-06  1.6466e-06  1.2888e-06  1.0043e-06  7.6727e-07  5.8113e-07  4.3658e-07  3.2296e-07  2.3885e-07  1.7603e-07  1.2857e-07  9.3148e-08  6.6284e-08  4.5393e-08  2.8854e-08  1.4372e-08
    37  2.0757e-05  2.0710e-05  2.0273e-05  1.9864e-05  1.9247e-05  1.8423e-05  1.7584e-05  1.6555e-05  1.5474e-05  1.4372e-05  1.3283e-05  1.2114e-05  1.1110e-05  9.8772e-06  8.8172e-06  7.6825e-06  6.6730e-06  5.7284e-06  4.8819e-06  4.1177e-06  3.4304e-06  2.8673e-06  2.3310e-06  1.8910e-06  1.5138e-06  1.2036e-06  9.4764e-07  7.3958e-07  5.7016e-07  4.3631e-07  3.2793e-07  2.4550e-07  1.8425e-07  1.3537e-07  1.0010e-07  7.2246e-08  5.1878e-08  3.5818e-08  2.3146e-08  1.1471e-08
    38  1.3743e-05  1.3712e-05  1.3396e-05  1.3197e-05  1.2732e-05  1.2178e-05  1.1702e-05  1.1043e-05  1.0388e-05  9.6130e-06  8.9213e-06  8.1028e-06  7.3912e-06  6.6152e-06  5.9023e-06  5.1769e-06  4.5511e-06  3.9125e-06  3.3315e-06  2.8273e-06  2.3534e-06  1.9433e-06  1.6166e-06  1.3177e-06  1.0627e-06  8.4521e-07  6.7244e-07  5.2468e-07  4.0756e-07  3.1327e-07  2.3912e-07  1.8154e-07  1.3476e-07  1.0108e-07  7.4203e-08  5.4735e-08  3.8970e-08  2.6858e-08  1.7408e-08  8.7133e-09
    39  8.5853e-06  8.5043e-06  8.3693e-06  8.1685e-06  7.9858e-06  7.6047e-06  7.2890e-06  6.9045e-06  6.5165e-06  6.0387e-06  5.5827e-06  5.1106e-06  4.6407e-06  4.1610e-06  3.7335e-06  3.2992e-06  2.8539e-06  2.4785e-06  2.1250e-06  1.8043e-06  1.5159e-06  1.2630e-06  1.0443e-06  8.5517e-07  6.9418e-07  5.5566e-07  4.4446e-07  3.4870e-07  2.7152e-07  2.1037e-07  1.6100e-07  1.2235e-07  9.2362e-08  6.9039e-08  5.1070e-08  3.7508e-08  2.6912e-08  1.8710e-08  1.2151e-08  6.0397e-09
    40  4.1817e-06  4.1851e-06  4.1099e-06  3.9915e-06  3.8884e-06  3.7457e-06  3.5896e-06  3.3969e-06  3.1550e-06  2.9367e-06  2.7312e-06  2.5323e-06  2.2814e-06  2.0460e-06  1.8309e-06  1.6205e-06  1.4292e-06  1.2327e-06  1.0512e-06  8.9590e-07  7.5975e-07  6.3701e-07  5.2175e-07  4.3010e-07  3.4684e-07  2.8156e-07  2.2439e-07  1.7901e-07  1.3962e-07  1.0810e-07  8.2782e-08  6.3377e-08  4.8058e-08  3.5958e-08  2.6922e-08  1.9717e-08  1.4183e-08  9.9181e-09  6.4171e-09  3.1260e-09
