 iy/ix           1           2           3           4           5           6           7           8           9          10          11          12          13          14          15          16          17          18          19          20          21          22          23          24          25          26          27          28          29          30          31          32          33          34          35          36          37          38          39          40
     1  2.3627e+02  3.0842e+02  3.2902e+02  3.3652e+02  3.3516e+02  3.3047e+02  3.1866e+02  3.0466e+02  2.8419e+02  2.4866e+02  1.9993e+02  1.7512e+02  1.6166e+02  1.4998e+02  1.4219e+02  1.3437e+02  1.2847e+02  1.2346e+02  1.1653e+02  1.0699e+02  9.0335e+01  5.8633e+01  4.6744e+01  4.0922e+01  4.6102e+01  5.3334e+01  5.7061e+01  5.9233e+01  6.1081e+01  6.2405e+01  6.3008e+01  6.3283e+01  6.3562e+01  6.3925e+01  6.3197e+01  6.3513e+01  6.3660e+01  6.2956e+01  6.2334e+01  6.1310e+01
     2  3.0740e+02  3.9261e+02  4.1966e+02  4.3085e+02  4.2835e+02  4.2389e+02  4.1280e+02  3.9169e+02  3.6526e+02  3.2199e+02  2.5343e+02  2.2204e+02  2.0176e+02  1.8621e+02  1.7447e+02  1.6269e+02  1.5489e+02  1.4768e+02  1.4046e+02  1.3074e+02  1.1019e+02  7.5093e+01  6.1820e+01  5.4469e+01  5.8341e+01  6.3633e+01  6.6323e+01  6.8457e+01  6.9333e+01  7.0404e+01  7.0994e+01  7.1325e+01  7.1687e+01  7.1403e+01  7.1339e+01  7.1413e+01  7.0787e+01  7.0316e+01  6.9641e+01  6.8224e+01
     3  3.3029e+02  4.2072e+02  4.4359e+02  4.5503e+02  4.5298e+02  4.4456e+02  4.3426e+02  4.1281e+02  3.8651e+02  3.3989e+02  2.6831e+02  2.3597e+02  2.1687e+02  2.0129e+02  1.8926e+02  1.7922e+02  1.6846e+02  1.6095e+02  1.5288e+02  1.4049e+02  1.1662e+02  7.8876e+01  6.4620e+01  5.7667e+01  6.5750e+01  7.1803e+01  7.4554e+01  7.5885e+01  7.6826e+01  7.6719e+01  7.7233e+01  7.7288e+01  7.7224e+01  7.6805e+01  7.6521e+01  7.6399e+01  7.6236e+01  7.4577e+01  7.4777e+01  7.2980e+01
     4  3.3604e+02  4.3015e+02  4.5178e+02  4.5866e+02  4.5856e+02  4.5111e+02  4.4116e+02  4.1876e+02  3.9175e+02  3.4769e+02  2.7390e+02  2.4145e+02  2.2245e+02  2.0845e+02  1.9515e+02  1.8423e+02  1.7590e+02  1.6754e+02  1.5991e+02  1.4705e+02  1.2205e+02  8.0941e+01  6.6833e+01  5.9264e+01  6.8931e+01  7.7182e+01  8.1678e+01  8.2727e+01  8.2858e+01  8.3449e+01  8.2726e+01  8.2886e+01  8.2621e+01  8.2155e+01  8.2059e+01  8.1140e+01  8.1580e+01  8.0628e+01  7.9230e+01  7.6764e+01
     5  3.3455e+02  4.2961e+02  4.5063e+02  4.5567e+02  4.5728e+02  4.5025e+02  4.3845e+02  4.2105e+02  3.9261e+02  3.4823e+02  2.7142e+02  2.4278e+02  2.2302e+02  2.0799e+02  1.9495e+02  1.8744e+02  1.7888e+02  1.7075e+02  1.6267e+02  1.5065e+02  1.2318e+02  8.1501e+01  6.7623e+01  6.0492e+01  7.1143e+01  8.1966e+01  8.5991e+01  8.7821e+01  8.7587e+01  8.7732e+01  8.7633e+01  8.7647e+01  8.7561e+01  8.6835e+01  8.6759e+01  8.7504e+01  8.7039e+01  8.5634e+01  8.3804e+01  8.2191e+01
     6  3.2968e+02  4.2243e+02  4.4748e+02  4.5099e+02  4.5156e+02  4.4380e+02  4.3120e+02  4.1559e+02  3.8790e+02  3.4165e+02  2.7007e+02  2.3719e+02  2.1808e+02  2.0505e+02  1.9446e+02  1.8468e+02  1.7778e+02  1.7078e+02  1.6411e+02  1.5221e+02  1.2345e+02  8.2639e+01  6.7844e+01  6.0922e+01  7.2733e+01  8.3678e+01  8.8458e+01  9.0655e+01  9.1896e+01  9.2377e+01  9.2809e+01  9.2432e+01  9.3429e+01  9.2940e+01  9.2984e+01  9.2927e+01  9.2384e+01  9.0878e+01  8.9809e+01  8.7613e+01
     7  3.2085e+02  4.0968e+02  4.3322e+02  4.3931e+02  4.3846e+02  4.3153e+02  4.2318e+02  4.0885e+02  3.7858e+02  3.3624e+02  2.6264e+02  2.3239e+02  2.1497e+02  2.0032e+02  1.9108e+02  1.8376e+02  1.7720e+02  1.6989e+02  1.6354e+02  1.5016e+02  1.2320e+02  8.1690e+01  6.7387e+01  6.0555e+01  7.2774e+01  8.4681e+01  9.0666e+01  9.3291e+01  9.5179e+01  9.6471e+01  9.6949e+01  9.7749e+01  9.8644e+01  9.9391e+01  9.8695e+01  9.9014e+01  9.8623e+01  9.7589e+01  9.5569e+01  9.3227e+01
     8  3.0573e+02  3.9258e+02  4.1650e+02  4.2112e+02  4.2057e+02  4.1681e+02  4.0668e+02  3.9015e+02  3.6656e+02  3.2411e+02  2.5371e+02  2.2290e+02  2.0727e+02  1.9457e+02  1.8645e+02  1.8015e+02  1.7385e+02  1.6749e+02  1.6022e+02  1.4960e+02  1.2088e+02  7.9972e+01  6.6436e+01  5.9920e+01  7.2567e+01  8.4833e+01  9.1046e+01  9.5486e+01  9.7864e+01  9.9644e+01  1.0139e+02  1.0320e+02  1.0378e+02  1.0489e+02  1.0562e+02  1.0512e+02  1.0541e+02  1.0448e+02  1.0288e+02  9.9251e+01
     9  2.8509e+02  3.6633e+02  3.8522e+02  3.9185e+02  3.9226e+02  3.8952e+02  3.7970e+02  3.6589e+02  3.4446e+02  3.0507e+02  2.3543e+02  2.1072e+02  1.9673e+02  1.8684e+02  1.8007e+02  1.7273e+02  1.7002e+02  1.6355e+02  1.5876e+02  1.4599e+02  1.2010e+02  8.0150e+01  6.6442e+01  5.9918e+01  7.3181e+01  8.5881e+01  9.3590e+01  9.8192e+01  1.0153e+02  1.0445e+02  1.0686e+02  1.0979e+02  1.1008e+02  1.1211e+02  1.1233e+02  1.1258e+02  1.1273e+02  1.1168e+02  1.0870e+02  1.0368e+02
    10  2.5084e+02  3.2046e+02  3.4006e+02  3.4716e+02  3.4617e+02  3.4277e+02  3.3577e+02  3.2317e+02  3.0370e+02  2.6778e+02  2.1218e+02  1.9675e+02  1.8609e+02  1.7800e+02  1.7110e+02  1.6699e+02  1.6312e+02  1.5806e+02  1.5346e+02  1.4324e+02  1.1674e+02  7.8562e+01  6.5585e+01  5.9104e+01  7.3855e+01  8.6572e+01  9.4732e+01  1.0067e+02  1.0577e+02  1.0979e+02  1.1141e+02  1.1484e+02  1.1645e+02  1.1794e+02  1.1849e+02  1.1798e+02  1.1692e+02  1.1544e+02  1.1158e+02  1.0675e+02
    11  1.9797e+02  2.5268e+02  2.6832e+02  2.7493e+02  2.7435e+02  2.6833e+02  2.6284e+02  2.5196e+02  2.3594e+02  2.1256e+02  1.9214e+02  1.8194e+02  1.7556e+02  1.7121e+02  1.6540e+02  1.6142e+02  1.5909e+02  1.5394e+02  1.4935e+02  1.3901e+02  1.1397e+02  7.6710e+01  6.4289e+01  5.8326e+01  7.3886e+01  8.7673e+01  9.6335e+01  1.0507e+02  1.1082e+02  1.1486e+02  1.1839e+02  1.2105e+02  1.2139e+02  1.2239e+02  1.2162e+02  1.2019e+02  1.1852e+02  1.1509e+02  1.1098e+02  1.0617e+02
    12  1.7444e+02  2.2094e+02  2.3719e+02  2.4187e+02  2.4369e+02  2.3843e+02  2.3204e+02  2.2354e+02  2.0972e+02  1.9555e+02  1.8218e+02  1.7450e+02  1.6717e+02  1.6433e+02  1.6031e+02  1.5455e+02  1.5250e+02  1.4963e+02  1.4555e+02  1.3453e+02  1.1072e+02  7.5871e+01  6.3739e+01  5.7881e+01  7.5589e+01  9.1844e+01  1.0248e+02  1.1064e+02  1.1775e+02  1.2190e+02  1.2403e+02  1.2463e+02  1.2428e+02  1.2176e+02  1.1947e+02  1.1697e+02  1.1462e+02  1.1137e+02  1.0687e+02  1.0175e+02
    13  1.6021e+02  2.0225e+02  2.1614e+02  2.2056e+02  2.2208e+02  2.1967e+02  2.1601e+02  2.0585e+02  1.9667e+02  1.8705e+02  1.7520e+02  1.6804e+02  1.6229e+02  1.5832e+02  1.5314e+02  1.5135e+02  1.4985e+02  1.4602e+02  1.4107e+02  1.3133e+02  1.0783e+02  7.4582e+01  6.2675e+01  5.7679e+01  7.9115e+01  9.8599e+01  1.1115e+02  1.1806e+02  1.2220e+02  1.2481e+02  1.2192e+02  1.2016e+02  1.1896e+02  1.1592e+02  1.1320e+02  1.0972e+02  1.0727e+02  1.0408e+02  1.0032e+02  9.5598e+01
    14  1.4999e+02  1.8781e+02  2.0178e+02  2.0723e+02  2.0827e+02  2.0620e+02  2.0151e+02  1.9580e+02  1.8711e+02  1.7779e+02  1.6989e+02  1.6258e+02  1.5914e+02  1.5376e+02  1.5014e+02  1.4824e+02  1.4493e+02  1.4253e+02  1.3768e+02  1.2898e+02  1.0627e+02  7.4385e+01  6.2365e+01  5.8456e+01  8.5799e+01  1.0682e+02  1.1728e+02  1.2191e+02  1.2183e+02  1.1787e+02  1.1368e+02  1.1101e+02  1.0781e+02  1.0542e+02  1.0376e+02  1.0045e+02  9.8789e+01  9.6262e+01  9.3214e+01  8.8990e+01
    15  1.4073e+02  1.7526e+02  1.8871e+02  1.9397e+02  1.9652e+02  1.9618e+02  1.9062e+02  1.8712e+02  1.7954e+02  1.7292e+02  1.6545e+02  1.5918e+02  1.5442e+02  1.5012e+02  1.4645e+02  1.4530e+02  1.4287e+02  1.3847e+02  1.3558e+02  1.2489e+02  1.0397e+02  7.3124e+01  6.1013e+01  5.8690e+01  9.5379e+01  1.1423e+02  1.1750e+02  1.1488e+02  1.1067e+02  1.0543e+02  1.0240e+02  9.8818e+01  9.7709e+01  9.5521e+01  9.3472e+01  9.2115e+01  9.0623e+01  8.9042e+01  8.6157e+01  8.3876e+01
    16  1.3415e+02  1.6602e+02  1.7815e+02  1.8411e+02  1.8794e+02  1.8691e+02  1.8569e+02  1.7845e+02  1.7337e+02  1.6903e+02  1.6122e+02  1.5765e+02  1.5203e+02  1.4726e+02  1.4479e+02  1.4079e+02  1.3870e+02  1.3652e+02  1.3294e+02  1.2356e+02  1.0074e+02  7.1358e+01  6.1108e+01  6.1022e+01  1.0250e+02  1.0935e+02  1.0528e+02  9.9688e+01  9.4338e+01  9.3549e+01  9.1483e+01  9.0144e+01  8.8144e+01  8.6904e+01  8.5277e+01  8.5993e+01  8.4628e+01  8.3179e+01  8.2280e+01  7.9463e+01
    17  1.2834e+02  1.5568e+02  1.6906e+02  1.7649e+02  1.8019e+02  1.7841e+02  1.7840e+02  1.7371e+02  1.6839e+02  1.6255e+02  1.5915e+02  1.5459e+02  1.4849e+02  1.4550e+02  1.4247e+02  1.3965e+02  1.3601e+02  1.3512e+02  1.2891e+02  1.1962e+02  9.8983e+01  7.0201e+01  5.9608e+01  6.7010e+01  9.6781e+01  9.5316e+01  9.0765e+01  8.6725e+01  8.4114e+01  8.3838e+01  8.2859e+01  8.2210e+01  8.1006e+01  8.0436e+01  8.0877e+01  8.1216e+01  8.0341e+01  7.9423e+01  7.8535e+01  7.5703e+01
    18  1.2290e+02  1.4940e+02  1.6166e+02  1.6933e+02  1.7168e+02  1.7083e+02  1.7057e+02  1.6776e+02  1.6458e+02  1.5929e+02  1.5504e+02  1.5109e+02  1.4732e+02  1.4329e+02  1.4187e+02  1.3742e+02  1.3513e+02  1.3166e+02  1.2878e+02  1.1787e+02  9.7428e+01  7.0240e+01  6.2187e+01  8.0736e+01  8.5023e+01  8.3222e+01  8.0501e+01  7.9280e+01  7.8645e+01  7.8213e+01  7.8455e+01  7.8201e+01  7.8123e+01  7.8230e+01  7.8066e+01  7.8067e+01  7.8141e+01  7.7107e+01  7.5311e+01  7.3528e+01
    19  1.1772e+02  1.4308e+02  1.5453e+02  1.6106e+02  1.6501e+02  1.6583e+02  1.6554e+02  1.6299e+02  1.5983e+02  1.5515e+02  1.5251e+02  1.4842e+02  1.4651e+02  1.4129e+02  1.3932e+02  1.3517e+02  1.3211e+02  1.2974e+02  1.2521e+02  1.1520e+02  9.6240e+01  7.1888e+01  7.3012e+01  8.6137e+01  7.7200e+01  7.7126e+01  7.5731e+01  7.5576e+01  7.5963e+01  7.6372e+01  7.5731e+01  7.5519e+01  7.5914e+01  7.6190e+01  7.6488e+01  7.6660e+01  7.6611e+01  7.5193e+01  7.4501e+01  7.3114e+01
    20  1.1449e+02  1.3673e+02  1.4860e+02  1.5558e+02  1.6072e+02  1.6201e+02  1.6111e+02  1.5999e+02  1.5721e+02  1.5219e+02  1.5008e+02  1.4646e+02  1.4280e+02  1.4095e+02  1.3636e+02  1.3390e+02  1.3209e+02  1.2834e+02  1.2477e+02  1.1309e+02  9.9930e+01  9.1320e+01  8.3290e+01  7.6856e+01  7.3566e+01  7.3795e+01  7.4076e+01  7.4878e+01  7.5193e+01  7.5091e+01  7.5378e+01  7.6363e+01  7.6123e+01  7.6266e+01  7.6331e+01  7.6145e+01  7.5102e+01  7.5100e+01  7.3705e+01  7.1434e+01
    21  1.1104e+02  1.3149e+02  1.4186e+02  1.4952e+02  1.5406e+02  1.5623e+02  1.5724e+02  1.5491e+02  1.5353e+02  1.5012e+02  1.4661e+02  1.4414e+02  1.4133e+02  1.3835e+02  1.3521e+02  1.3295e+02  1.3030e+02  1.2581e+02  1.2277e+02  1.1294e+02  9.8441e+01  9.1794e+01  8.5869e+01  8.1192e+01  7.9357e+01  7.7807e+01  7.7692e+01  7.7544e+01  7.7428e+01  7.7428e+01  7.7840e+01  7.7933e+01  7.6740e+01  7.7227e+01  7.6700e+01  7.6216e+01  7.5652e+01  7.4693e+01  7.3972e+01  7.1370e+01
    22  1.0699e+02  1.2764e+02  1.3726e+02  1.4557e+02  1.4759e+02  1.5105e+02  1.5255e+02  1.5127e+02  1.5084e+02  1.4804e+02  1.4532e+02  1.4185e+02  1.4017e+02  1.3717e+02  1.3420e+02  1.3152e+02  1.2920e+02  1.2543e+02  1.2072e+02  1.1275e+02  1.0353e+02  9.5514e+01  9.2115e+01  8.7755e+01  8.4887e+01  8.3354e+01  8.2386e+01  8.1633e+01  8.0467e+01  7.9556e+01  7.8990e+01  7.8457e+01  7.9018e+01  7.7733e+01  7.7477e+01  7.7296e+01  7.6422e+01  7.5495e+01  7.4129e+01  7.2568e+01
    23  1.0410e+02  1.2329e+02  1.3249e+02  1.4016e+02  1.4362e+02  1.4696e+02  1.4925e+02  1.4718e+02  1.4799e+02  1.4507e+02  1.4217e+02  1.4016e+02  1.3818e+02  1.3626e+02  1.3249e+02  1.2994e+02  1.2653e+02  1.2395e+02  1.1908e+02  1.1334e+02  1.0558e+02  9.9186e+01  9.5574e+01  9.2853e+01  9.0190e+01  8.6825e+01  8.4900e+01  8.3405e+01  8.2082e+01  8.1414e+01  8.0632e+01  8.0121e+01  7.9130e+01  7.8426e+01  7.8570e+01  7.7840e+01  7.6710e+01  7.6232e+01  7.5217e+01  7.2899e+01
    24  1.0137e+02  1.1959e+02  1.2869e+02  1.3630e+02  1.3892e+02  1.4395e+02  1.4477e+02  1.4463e+02  1.4406e+02  1.4117e+02  1.4055e+02  1.3807e+02  1.3678e+02  1.3335e+02  1.3197e+02  1.2821e+02  1.2548e+02  1.2201e+02  1.1738e+02  1.1338e+02  1.0645e+02  1.0088e+02  9.5658e+01  9.3764e+01  9.1822e+01  8.9280e+01  8.7322e+01  8.6196e+01  8.4960e+01  8.3185e+01  8.2066e+01  8.1319e+01  8.0816e+01  7.9734e+01  7.8922e+01  7.8382e+01  7.7115e+01  7.7090e+01  7.5310e+01  7.3229e+01
    25  9.9866e+01  1.1562e+02  1.2470e+02  1.3296e+02  1.3605e+02  1.3918e+02  1.4110e+02  1.4221e+02  1.4115e+02  1.3988e+02  1.3951e+02  1.3582e+02  1.3299e+02  1.3157e+02  1.2841e+02  1.2644e+02  1.2386e+02  1.2153e+02  1.1707e+02  1.1266e+02  1.0707e+02  1.0216e+02  9.6864e+01  9.3898e+01  9.2262e+01  9.0468e+01  8.8230e+01  8.6170e+01  8.5031e+01  8.3901e+01  8.3314e+01  8.2097e+01  8.1511e+01  8.0754e+01  7.9832e+01  7.9441e+01  7.8912e+01  7.7586e+01  7.5808e+01  7.3404e+01
    26  9.6910e+01  1.1357e+02  1.2188e+02  1.2891e+02  1.3258e+02  1.3552e+02  1.3792e+02  1.3827e+02  1.3866e+02  1.3723e+02  1.3685e+02  1.3367e+02  1.3172e+02  1.2953e+02  1.2748e+02  1.2456e+02  1.2190e+02  1.2011e+02  1.1678e+02  1.1283e+02  1.0764e+02  1.0277e+02  9.8810e+01  9.5309e+01  9.2975e+01  9.0883e+01  8.9190e+01  8.7484e+01  8.6764e+01  8.5178e+01  8.4260e+01  8.2853e+01  8.1676e+01  8.0504e+01  7.9407e+01  7.8969e+01  7.7178e+01  7.6901e+01  7.5966e+01  7.3594e+01
    27  9.3801e+01  1.1016e+02  1.1893e+02  1.2491e+02  1.2881e+02  1.3216e+02  1.3396e+02  1.3557e+02  1.3555e+02  1.3446e+02  1.3421e+02  1.3276e+02  1.2946e+02  1.2794e+02  1.2611e+02  1.2303e+02  1.2046e+02  1.1814e+02  1.1504e+02  1.1262e+02  1.0855e+02  1.0411e+02  1.0004e+02  9.6145e+01  9.2867e+01  9.1454e+01  9.0096e+01  8.8792e+01  8.7328e+01  8.6025e+01  8.5368e+01  8.3975e+01  8.2159e+01  8.1487e+01  8.0712e+01  8.0149e+01  7.8033e+01  7.7284e+01  7.5482e+01  7.3768e+01
    28  9.1995e+01  1.0803e+02  1.1626e+02  1.2207e+02  1.2550e+02  1.2888e+02  1.3155e+02  1.3288e+02  1.3203e+02  1.3231e+02  1.3104e+02  1.3070e+02  1.2830e+02  1.2568e+02  1.2379e+02  1.2148e+02  1.1907e+02  1.1677e+02  1.1510e+02  1.1260e+02  1.0939e+02  1.0397e+02  9.9961e+01  9.7600e+01  9.5339e+01  9.2330e+01  9.1443e+01  8.8983e+01  8.7960e+01  8.6767e+01  8.5748e+01  8.4727e+01  8.3779e+01  8.1963e+01  8.0729e+01  8.0433e+01  7.9044e+01  7.8336e+01  7.6525e+01  7.4028e+01
    29  9.0366e+01  1.0545e+02  1.1398e+02  1.1887e+02  1.2227e+02  1.2614e+02  1.2813e+02  1.3024e+02  1.3016e+02  1.2997e+02  1.2848e+02  1.2849e+02  1.2689e+02  1.2507e+02  1.2268e+02  1.1976e+02  1.1869e+02  1.1640e+02  1.1438e+02  1.1050e+02  1.0791e+02  1.0539e+02  1.0240e+02  9.8432e+01  9.6584e+01  9.3196e+01  9.0997e+01  8.9514e+01  8.7439e+01  8.6348e+01  8.5001e+01  8.4405e+01  8.3542e+01  8.2499e+01  8.1356e+01  8.0037e+01  7.8888e+01  7.7403e+01  7.6181e+01  7.4651e+01
    30  8.8547e+01  1.0369e+02  1.1177e+02  1.1625e+02  1.2006e+02  1.2379e+02  1.2588e+02  1.2799e+02  1.2822e+02  1.2772e+02  1.2711e+02  1.2696e+02  1.2454e+02  1.2319e+02  1.2067e+02  1.1940e+02  1.1810e+02  1.1506e+02  1.1267e+02  1.1112e+02  1.0754e+02  1.0454e+02  1.0224e+02  9.8870e+01  9.6108e+01  9.4179e+01  9.2143e+01  8.9409e+01  8.7263e+01  8.5445e+01  8.4990e+01  8.3574e+01  8.3159e+01  8.2793e+01  8.1616e+01  8.0007e+01  7.8538e+01  7.7355e+01  7.6719e+01  7.4522e+01
    31  8.6716e+01  1.0101e+02  1.0895e+02  1.1264e+02  1.1780e+02  1.2066e+02  1.2311e+02  1.2683e+02  1.2550e+02  1.2611e+02  1.2450e+02  1.2443e+02  1.2346e+02  1.2157e+02  1.1896e+02  1.1739e+02  1.1630e+02  1.1395e+02  1.1163e+02  1.1024e+02  1.0722e+02  1.0534e+02  1.0161e+02  9.9176e+01  9.6357e+01  9.4209e+01  9.2764e+01  9.0976e+01  8.8335e+01  8.6922e+01  8.5303e+01  8.4430e+01  8.2870e+01  8.2907e+01  8.1918e+01  8.1160e+01  7.8964e+01  7.7636e+01  7.5228e+01  7.3625e+01
    32  8.5752e+01  9.8492e+01  1.0630e+02  1.1146e+02  1.1484e+02  1.1816e+02  1.2195e+02  1.2337e+02  1.2393e+02  1.2342e+02  1.2299e+02  1.2174e+02  1.2157e+02  1.1893e+02  1.1814e+02  1.1672e+02  1.1562e+02  1.1344e+02  1.1135e+02  1.0954e+02  1.0767e+02  1.0525e+02  1.0189e+02  9.8938e+01  9.6800e+01  9.5030e+01  9.2648e+01  9.1515e+01  8.9134e+01  8.7415e+01  8.6249e+01  8.4506e+01  8.4133e+01  8.3186e+01  8.1552e+01  7.9667e+01  7.8507e+01  7.7414e+01  7.5569e+01  7.2811e+01
    33  8.4362e+01  9.6250e+01  1.0366e+02  1.0899e+02  1.1302e+02  1.1589e+02  1.1948e+02  1.2105e+02  1.2177e+02  1.2186e+02  1.2127e+02  1.1999e+02  1.1940e+02  1.1856e+02  1.1743e+02  1.1626e+02  1.1400e+02  1.1218e+02  1.1074e+02  1.0892e+02  1.0717e+02  1.0515e+02  1.0238e+02  9.9121e+01  9.7207e+01  9.4735e+01  9.3065e+01  9.1031e+01  8.8850e+01  8.7612e+01  8.6362e+01  8.5348e+01  8.4165e+01  8.2780e+01  8.0629e+01  7.9284e+01  7.8825e+01  7.7045e+01  7.5182e+01  7.2263e+01
    34  8.2747e+01  9.4718e+01  1.0170e+02  1.0645e+02  1.1092e+02  1.1260e+02  1.1658e+02  1.1909e+02  1.1940e+02  1.1983e+02  1.1943e+02  1.1898e+02  1.1751e+02  1.1814e+02  1.1663e+02  1.1509e+02  1.1251e+02  1.1079e+02  1.1034e+02  1.0815e+02  1.0629e+02  1.0395e+02  1.0191e+02  9.9601e+01  9.6577e+01  9.5133e+01  9.3242e+01  9.1269e+01  8.9913e+01  8.7984e+01  8.6027e+01  8.4554e+01  8.3250e+01  8.2446e+01  8.0999e+01  8.0048e+01  7.8992e+01  7.7838e+01  7.5247e+01  7.2332e+01
    35  8.1431e+01  9.3215e+01  9.9392e+01  1.0399e+02  1.0913e+02  1.1205e+02  1.1368e+02  1.1642e+02  1.1789e+02  1.1799e+02  1.1707e+02  1.1780e+02  1.1749e+02  1.1571e+02  1.1515e+02  1.1424e+02  1.1110e+02  1.0971e+02  1.0903e+02  1.0797e+02  1.0584e+02  1.0323e+02  1.0216e+02  9.9340e+01  9.6719e+01  9.5047e+01  9.2874e+01  9.1612e+01  8.9462e+01  8.7919e+01  8.5705e+01  8.4004e+01  8.3139e+01  8.2046e+01  8.0939e+01  7.9307e+01  7.8713e+01  7.6863e+01  7.4779e+01  7.1704e+01
    36  8.0329e+01  9.1461e+01  9.7484e+01  1.0234e+02  1.0623e+02  1.1022e+02  1.1134e+02  1.1446e+02  1.1503e+02  1.1602e+02  1.1510e+02  1.1497e+02  1.1527e+02  1.1383e+02  1.1396e+02  1.1253e+02  1.1103e+02  1.0836e+02  1.0724e+02  1.0607e+02  1.0478e+02  1.0331e+02  1.0188e+02  9.8048e+01  9.5380e+01  9.3840e+01  9.2675e+01  9.1169e+01  8.9492e+01  8.7651e+01  8.6075e+01  8.4633e+01  8.3007e+01  8.1846e+01  8.1035e+01  7.8567e+01  7.7126e+01  7.6073e+01  7.4149e+01  7.1656e+01
    37  7.9001e+01  8.9586e+01  9.4736e+01  9.9301e+01  1.0391e+02  1.0622e+02  1.0973e+02  1.1090e+02  1.1217e+02  1.1362e+02  1.1224e+02  1.1273e+02  1.1192e+02  1.1285e+02  1.1088e+02  1.1019e+02  1.0871e+02  1.0687e+02  1.0635e+02  1.0433e+02  1.0361e+02  1.0209e+02  9.9912e+01  9.7575e+01  9.5215e+01  9.3621e+01  9.2274e+01  9.0624e+01  8.8252e+01  8.6886e+01  8.5276e+01  8.3723e+01  8.2380e+01  8.0794e+01  7.9523e+01  7.8800e+01  7.6526e+01  7.5222e+01  7.3314e+01  6.9852e+01
    38  7.6235e+01  8.7511e+01  9.2756e+01  9.6904e+01  1.0048e+02  1.0445e+02  1.0651e+02  1.0888e+02  1.1010e+02  1.1031e+02  1.0945e+02  1.1060e+02  1.1075e+02  1.1039e+02  1.0900e+02  1.0778e+02  1.0677e+02  1.0458e+02  1.0448e+02  1.0286e+02  1.0138e+02  1.0069e+02  9.7884e+01  9.6242e+01  9.3687e+01  9.2356e+01  9.0430e+01  8.8868e+01  8.7276e+01  8.5426e+01  8.4365e+01  8.2622e+01  8.1630e+01  7.9548e+01  7.8160e+01  7.7083e+01  7.5376e+01  7.3953e+01  7.1731e+01  6.8426e+01
    39  7.4804e+01  8.5458e+01  9.0522e+01  9.4277e+01  9.7655e+01  1.0102e+02  1.0272e+02  1.0400e+02  1.0627e+02  1.0687e+02  1.0691e+02  1.0677e+02  1.0670e+02  1.0666e+02  1.0676e+02  1.0417e+02  1.0345e+02  1.0145e+02  1.0071e+02  1.0037e+02  9.8751e+01  9.7039e+01  9.5372e+01  9.3342e+01  9.1426e+01  9.0014e+01  8.7551e+01  8.7120e+01  8.5404e+01  8.2765e+01  8.1357e+01  8.0176e+01  7.9242e+01  7.7387e+01  7.6590e+01  7.4852e+01  7.3063e+01  7.2067e+01  6.8729e+01  6.5423e+01
    40  7.2765e+01  8.2865e+01  8.6595e+01  9.0743e+01  9.3760e+01  9.6538e+01  9.8728e+01  1.0011e+02  1.0074e+02  1.0224e+02  1.0216e+02  1.0364e+02  1.0200e+02  1.0200e+02  1.0208e+02  1.0049e+02  9.8634e+01  9.7675e+01  9.6061e+01  9.5962e+01  9.5342e+01  9.3015e+01  9.1795e+01  9.0069e+01  8.8316e+01  8.5737e+01  8.4518e+01  8.2642e+01  8.0590e+01  7.9540e+01  7.8196e+01  7.6404e+01  7.5172e+01  7.3671e+01  7.2253e+01  7.1653e+01  6.9844e+01  6.7629e+01  6.5181e+01  6.1139e+01
