 iy/ix           1           2           3           4           5           6           7           8           9          10          11          12          13          14          15          16          17          18          19          20          21          22          23          24          25          26          27          28          29          30          31          32          33          34          35          36          37          38          39          40
     1  3.0416e-03  1.4178e-02  2.5221e-02  4.0201e-02  7.1907e-02  1.0369e-01  1.5891e-01  2.3579e-01  3.4184e-01  4.9746e-01  5.0298e-01  3.4613e-01  2.4058e-01  1.6694e-01  1.1586e-01  7.9345e-02  5.4927e-02  3.7902e-02  2.6057e-02  1.7872e-02  6.9191e-03  1.1708e-03  1.9677e-04  3.3439e-05  1.0221e-05  7.1087e-06  4.9161e-06  3.4032e-06  2.3739e-06  1.6390e-06  1.1439e-06  7.9287e-07  5.4731e-07  3.7933e-07  2.6445e-07  1.8397e-07  1.2925e-07  9.1745e-08  6.7252e-08  5.1972e-08
     2  2.9312e-03  1.7903e-02  3.2559e-02  5.2985e-02  7.7228e-02  1.1161e-01  1.5391e-01  2.3512e-01  3.4434e-01  5.0295e-01  5.0166e-01  3.4369e-01  2.3806e-01  1.6425e-01  1.1236e-01  7.7874e-02  5.4167e-02  3.7649e-02  2.6122e-02  1.7940e-02  6.9041e-03  1.1596e-03  1.9641e-04  3.3537e-05  1.0296e-05  7.1022e-06  4.9422e-06  3.3958e-06  2.3567e-06  1.6403e-06  1.1251e-06  7.7743e-07  5.4097e-07  3.7616e-07  2.5977e-07  1.8210e-07  1.2782e-07  9.2423e-08  6.7524e-08  5.1621e-08
     3  3.7545e-03  1.0077e-02  2.7323e-02  5.5128e-02  8.4379e-02  1.1266e-01  1.6437e-01  2.3412e-01  3.3727e-01  5.0564e-01  5.0113e-01  3.4055e-01  2.3288e-01  1.6038e-01  1.1174e-01  7.7960e-02  5.3451e-02  3.6838e-02  2.5644e-02  1.7765e-02  6.7355e-03  1.1341e-03  1.9341e-04  3.2264e-05  9.8749e-06  6.9029e-06  4.8042e-06  3.3547e-06  2.3081e-06  1.5931e-06  1.1069e-06  7.6902e-07  5.3585e-07  3.7107e-07  2.5864e-07  1.8153e-07  1.2697e-07  8.9402e-08  6.6029e-08  5.1288e-08
     4  8.7990e-03  1.1578e-02  2.6090e-02  3.7833e-02  6.4072e-02  1.1462e-01  1.5749e-01  2.3118e-01  3.4308e-01  4.9503e-01  4.9829e-01  3.3616e-01  2.2886e-01  1.5821e-01  1.0849e-01  7.5087e-02  5.2068e-02  3.5848e-02  2.4627e-02  1.6967e-02  6.5707e-03  1.1122e-03  1.8621e-04  3.1778e-05  9.7462e-06  6.7394e-06  4.6698e-06  3.2139e-06  2.2218e-06  1.5401e-06  1.0706e-06  7.4594e-07  5.1860e-07  3.6010e-07  2.5057e-07  1.7483e-07  1.2382e-07  9.0544e-08  6.5711e-08  5.0602e-08
     5  1.0767e-02  2.1303e-02  3.0885e-02  3.9914e-02  5.9454e-02  1.0152e-01  1.5648e-01  2.2011e-01  3.3101e-01  4.9252e-01  4.9124e-01  3.3086e-01  2.2461e-01  1.5412e-01  1.0504e-01  7.2098e-02  4.9751e-02  3.4217e-02  2.3407e-02  1.6217e-02  6.2771e-03  1.0574e-03  1.7928e-04  3.0407e-05  9.2640e-06  6.4304e-06  4.4823e-06  3.1052e-06  2.1498e-06  1.4915e-06  1.0330e-06  7.2308e-07  4.9894e-07  3.5039e-07  2.4788e-07  1.7373e-07  1.2283e-07  8.6699e-08  6.4308e-08  4.9678e-08
     6 -1.1045e-03  8.9020e-03  1.9152e-02  3.6727e-02  6.2658e-02  9.1359e-02  1.4665e-01  2.2293e-01  3.2103e-01  4.8019e-01  4.8145e-01  3.2200e-01  2.1889e-01  1.4700e-01  1.0108e-01  6.9449e-02  4.7818e-02  3.2812e-02  2.2653e-02  1.5394e-02  5.9416e-03  1.0104e-03  1.6820e-04  2.8486e-05  8.7581e-06  6.1536e-06  4.2574e-06  2.9781e-06  2.0536e-06  1.4293e-06  9.8630e-07  6.8620e-07  4.7930e-07  3.3732e-07  2.3737e-07  1.6694e-07  1.1784e-07  8.5139e-08  6.2809e-08  4.8943e-08
     7 -1.0126e-03  1.0797e-02  2.8174e-02  3.7534e-02  6.4028e-02  9.6334e-02  1.4296e-01  2.0842e-01  3.1354e-01  4.6214e-01  4.6180e-01  3.0936e-01  2.0666e-01  1.3998e-01  9.5682e-02  6.5438e-02  4.4534e-02  3.0575e-02  2.1064e-02  1.4519e-02  5.5573e-03  9.3161e-04  1.5888e-04  2.6733e-05  8.1826e-06  5.6542e-06  3.9078e-06  2.7310e-06  1.9146e-06  1.3448e-06  9.4313e-07  6.5078e-07  4.5623e-07  3.2015e-07  2.2501e-07  1.5976e-07  1.1365e-07  8.2046e-08  6.1197e-08  4.7923e-08
     8  3.3160e-03  1.2764e-02  1.8138e-02  3.7791e-02  6.3132e-02  8.7737e-02  1.3530e-01  2.0081e-01  2.9680e-01  4.4173e-01  4.4166e-01  2.8641e-01  1.8990e-01  1.2821e-01  8.6917e-02  5.9318e-02  4.0968e-02  2.8189e-02  1.9355e-02  1.3359e-02  5.1709e-03  8.6734e-04  1.4673e-04  2.4693e-05  7.5912e-06  5.2510e-06  3.6510e-06  2.5255e-06  1.7681e-06  1.2323e-06  8.5831e-07  6.0814e-07  4.3162e-07  3.0373e-07  2.1463e-07  1.5486e-07  1.1198e-07  8.1575e-08  6.1370e-08  4.8664e-08
     9  5.5300e-03  1.5562e-02  2.3904e-02  3.9596e-02  5.2451e-02  7.7443e-02  1.1993e-01  1.7226e-01  2.5740e-01  4.0411e-01  4.0102e-01  2.5719e-01  1.6977e-01  1.1399e-01  7.7183e-02  5.2373e-02  3.5838e-02  2.4691e-02  1.7276e-02  1.1888e-02  4.6522e-03  7.8253e-04  1.3208e-04  2.2190e-05  6.7944e-06  4.7535e-06  3.3100e-06  2.3064e-06  1.6322e-06  1.1271e-06  8.0125e-07  5.6591e-07  4.0268e-07  2.8593e-07  2.0594e-07  1.4881e-07  1.0891e-07  8.1395e-08  6.1043e-08  4.8134e-08
    10  1.5024e-03  1.4304e-02  2.5697e-02  3.2538e-02  4.6197e-02  7.0087e-02  1.0061e-01  1.4036e-01  2.0858e-01  3.1801e-01  3.1832e-01  2.0600e-01  1.3763e-01  9.4120e-02  6.5286e-02  4.5393e-02  3.1352e-02  2.1890e-02  1.5102e-02  1.0464e-02  4.0635e-03  6.9256e-04  1.1716e-04  1.9763e-05  5.8892e-06  4.1157e-06  2.8965e-06  2.0553e-06  1.4467e-06  1.0365e-06  7.4138e-07  5.3151e-07  3.8170e-07  2.7611e-07  2.0144e-07  1.4596e-07  1.0802e-07  8.0677e-08  6.1683e-08  4.9214e-08
    11  4.4203e-03  1.1029e-02  1.4962e-02  2.3386e-02  3.6145e-02  5.5077e-02  7.4597e-02  1.0337e-01  1.4710e-01  1.9391e-01  1.9202e-01  1.4429e-01  1.0451e-01  7.3789e-02  5.1950e-02  3.6899e-02  2.6032e-02  1.8498e-02  1.2952e-02  9.1700e-03  3.5634e-03  6.0180e-04  1.0195e-04  1.7138e-05  5.1981e-06  3.6364e-06  2.5653e-06  1.8107e-06  1.2946e-06  9.2895e-07  6.7601e-07  4.9851e-07  3.6576e-07  2.6881e-07  2.0020e-07  1.4848e-07  1.0971e-07  8.2908e-08  6.4261e-08  5.1640e-08
    12  2.1038e-03  7.5846e-03  9.8846e-03  1.9242e-02  2.8643e-02  4.1317e-02  5.4776e-02  7.4521e-02  9.5018e-02  1.1129e-01  1.1248e-01  9.5241e-02  7.4187e-02  5.5619e-02  4.0277e-02  2.9259e-02  2.1435e-02  1.5199e-02  1.0684e-02  7.6030e-03  2.9841e-03  5.0398e-04  8.6110e-05  1.4568e-05  4.3027e-06  3.1023e-06  2.2315e-06  1.6128e-06  1.1883e-06  8.7243e-07  6.4826e-07  4.8872e-07  3.6365e-07  2.7670e-07  2.0595e-07  1.5355e-07  1.1594e-07  8.7226e-08  6.7284e-08  5.4376e-08
    13  2.6801e-03  3.9340e-03  9.5701e-03  1.6193e-02  2.2813e-02  3.1505e-02  4.1979e-02  5.1983e-02  6.1536e-02  7.0016e-02  6.9871e-02  6.2840e-02  5.1879e-02  4.0408e-02  3.0860e-02  2.2787e-02  1.6634e-02  1.2127e-02  8.8329e-03  6.3774e-03  2.5138e-03  4.2189e-04  7.0852e-05  1.1975e-05  3.5195e-06  2.5562e-06  1.8749e-06  1.4180e-06  1.0747e-06  8.2973e-07  6.4303e-07  4.9335e-07  3.8128e-07  2.9186e-07  2.1764e-07  1.6550e-07  1.2520e-07  9.4758e-08  7.3343e-08  5.9743e-08
    14 -3.0206e-04  3.1478e-03  6.5910e-03  1.0752e-02  1.6202e-02  2.2026e-02  2.8932e-02  3.5719e-02  4.0582e-02  4.3511e-02  4.4085e-02  4.0775e-02  3.4662e-02  2.8115e-02  2.2074e-02  1.7060e-02  1.2900e-02  9.5062e-03  7.0187e-03  5.1890e-03  2.0731e-03  3.5211e-04  5.9797e-05  9.9395e-06  2.7974e-06  2.0277e-06  1.5893e-06  1.2661e-06  1.0183e-06  8.2309e-07  6.6202e-07  5.2566e-07  4.1832e-07  3.2052e-07  2.4710e-07  1.8435e-07  1.3824e-07  1.0511e-07  8.1614e-08  6.6403e-08
    15  2.0200e-03  4.2786e-03  5.5759e-03  8.6529e-03  1.1920e-02  1.5023e-02  1.8831e-02  2.3541e-02  2.6551e-02  2.8456e-02  2.8718e-02  2.6913e-02  2.3519e-02  1.9574e-02  1.5799e-02  1.2449e-02  9.5783e-03  7.3683e-03  5.5341e-03  4.1327e-03  1.6660e-03  2.8349e-04  4.8282e-05  7.9398e-06  2.0393e-06  1.6028e-06  1.3621e-06  1.2302e-06  1.0634e-06  9.1442e-07  7.5924e-07  6.1822e-07  4.8553e-07  3.7264e-07  2.8363e-07  2.1282e-07  1.5939e-07  1.2114e-07  9.3811e-08  7.4919e-08
    16  1.1288e-03  2.7792e-03  4.6351e-03  5.9844e-03  7.7759e-03  1.0704e-02  1.3501e-02  1.5280e-02  1.7371e-02  1.8295e-02  1.8552e-02  1.7511e-02  1.5859e-02  1.3599e-02  1.1385e-02  9.0795e-03  7.1034e-03  5.5641e-03  4.2602e-03  3.2635e-03  1.3183e-03  2.2374e-04  3.8187e-05  6.0675e-06  1.2904e-06  1.2461e-06  1.3133e-06  1.3543e-06  1.2829e-06  1.1349e-06  9.4754e-07  7.5863e-07  5.8835e-07  4.4983e-07  3.4015e-07  2.5161e-07  1.8830e-07  1.4053e-07  1.0741e-07  8.5471e-08
    17  3.2267e-04  1.4837e-03  3.1093e-03  4.6070e-03  5.8851e-03  7.1317e-03  9.0728e-03  1.0841e-02  1.1606e-02  1.2197e-02  1.2304e-02  1.1689e-02  1.0671e-02  9.4597e-03  7.9570e-03  6.5508e-03  5.2386e-03  4.0587e-03  3.1720e-03  2.4734e-03  1.0231e-03  1.7387e-04  2.9532e-05  4.4347e-06  5.1964e-07  1.1262e-06  1.6686e-06  1.8501e-06  1.7907e-06  1.5615e-06  1.2661e-06  9.8054e-07  7.4941e-07  5.5491e-07  4.1085e-07  3.0405e-07  2.2396e-07  1.6586e-07  1.2462e-07  9.8047e-08
    18  3.7299e-04  1.4561e-03  2.3050e-03  3.3390e-03  4.1840e-03  5.0784e-03  6.1953e-03  6.8666e-03  7.8895e-03  8.0958e-03  8.1575e-03  7.9041e-03  7.2373e-03  6.5285e-03  5.5592e-03  4.6465e-03  3.7586e-03  3.0223e-03  2.3849e-03  1.8713e-03  7.7043e-04  1.3224e-04  2.2647e-05  3.0333e-06 -1.5766e-09  1.7484e-06  2.8542e-06  3.0429e-06  2.7341e-06  2.2396e-06  1.7204e-06  1.2925e-06  9.5343e-07  6.9923e-07  5.0920e-07  3.7085e-07  2.6583e-07  1.9404e-07  1.4324e-07  1.1155e-07
    19  4.1767e-04  1.0613e-03  1.5374e-03  2.1047e-03  2.8478e-03  3.5163e-03  4.1386e-03  4.6242e-03  5.0643e-03  5.4258e-03  5.4641e-03  5.2677e-03  4.8976e-03  4.4424e-03  3.8280e-03  3.2191e-03  2.6854e-03  2.2077e-03  1.7685e-03  1.4136e-03  5.8980e-04  1.0093e-04  1.7969e-05  2.5206e-06  1.0045e-06  4.9969e-06  5.9674e-06  5.3665e-06  4.2173e-06  3.1860e-06  2.3510e-06  1.7142e-06  1.2278e-06  8.7259e-07  6.1351e-07  4.3730e-07  3.1093e-07  2.2174e-07  1.6108e-07  1.2497e-07
    20  1.9825e-04  4.8857e-04  9.1566e-04  1.5897e-03  2.0231e-03  2.4215e-03  2.8826e-03  3.2170e-03  3.4253e-03  3.6032e-03  3.6512e-03  3.5395e-03  3.3504e-03  3.0055e-03  2.6872e-03  2.3231e-03  1.9544e-03  1.6128e-03  1.3308e-03  1.0914e-03  4.4549e-04  8.9823e-05  2.8750e-05  1.3135e-05  1.4489e-05  1.5715e-05  1.2449e-05  9.0918e-06  6.4794e-06  4.5511e-06  3.1773e-06  2.1987e-06  1.5257e-06  1.0550e-06  7.3188e-07  5.0468e-07  3.5095e-07  2.4710e-07  1.8145e-07  1.3976e-07
    21  1.3550e-04  4.1608e-04  7.0697e-04  9.9962e-04  1.4091e-03  1.6904e-03  2.0008e-03  2.2227e-03  2.2884e-03  2.4335e-03  2.4509e-03  2.3184e-03  2.2055e-03  2.0344e-03  1.8452e-03  1.5867e-03  1.3729e-03  1.1779e-03  9.7952e-04  8.5040e-04  6.2440e-04  3.0567e-04  1.5721e-04  9.0258e-05  5.3444e-05  3.2461e-05  2.0598e-05  1.3404e-05  8.8435e-06  5.8705e-06  3.9217e-06  2.6474e-06  1.7867e-06  1.2153e-06  8.2771e-07  5.6762e-07  3.9080e-07  2.7425e-07  1.9903e-07  1.5088e-07
    22  1.4779e-04  2.3934e-04  4.9241e-04  7.0811e-04  8.8143e-04  1.1150e-03  1.3089e-03  1.4598e-03  1.5617e-03  1.6172e-03  1.6482e-03  1.6191e-03  1.5328e-03  1.4212e-03  1.2800e-03  1.1423e-03  9.7673e-04  8.4238e-04  7.2837e-04  6.1443e-04  5.0338e-04  3.3732e-04  1.9745e-04  1.1436e-04  6.8225e-05  4.1356e-05  2.5651e-05  1.6199e-05  1.0491e-05  6.8165e-06  4.5140e-06  3.0070e-06  2.0081e-06  1.3430e-06  9.0491e-07  6.2182e-07  4.2613e-07  2.9917e-07  2.1189e-07  1.5743e-07
    23  6.4971e-05  1.9676e-04  4.0665e-04  5.4582e-04  6.3474e-04  7.8956e-04  8.7808e-04  9.6225e-04  1.0484e-03  1.0939e-03  1.1173e-03  1.0940e-03  1.0502e-03  9.7991e-04  8.8312e-04  7.8974e-04  6.9771e-04  5.9638e-04  5.1385e-04  4.3877e-04  3.6000e-04  2.6944e-04  1.8129e-04  1.1474e-04  7.0857e-05  4.3947e-05  2.7768e-05  1.7783e-05  1.1322e-05  7.3826e-06  4.8911e-06  3.2305e-06  2.1596e-06  1.4494e-06  9.8514e-07  6.6403e-07  4.5258e-07  3.1008e-07  2.2131e-07  1.6622e-07
    24  5.0215e-05  1.5349e-04  2.7024e-04  3.6656e-04  4.5844e-04  5.1260e-04  5.8775e-04  6.8172e-04  7.2645e-04  7.4525e-04  7.5572e-04  7.4107e-04  7.1697e-04  6.7553e-04  6.1807e-04  5.5270e-04  4.8293e-04  4.2422e-04  3.6470e-04  3.1286e-04  2.5794e-04  1.9917e-04  1.4491e-04  9.8765e-05  6.5228e-05  4.2306e-05  2.7280e-05  1.7741e-05  1.1691e-05  7.6316e-06  4.9871e-06  3.3110e-06  2.2127e-06  1.4889e-06  1.0022e-06  6.7447e-07  4.6251e-07  3.2079e-07  2.2770e-07  1.6935e-07
    25  3.6611e-05  9.8026e-05  1.8590e-04  2.4217e-04  3.0042e-04  3.4987e-04  3.9321e-04  4.3561e-04  4.8499e-04  5.0879e-04  5.0319e-04  5.0039e-04  4.8228e-04  4.5928e-04  4.2387e-04  3.8772e-04  3.4653e-04  3.0179e-04  2.5912e-04  2.2111e-04  1.8285e-04  1.4603e-04  1.0945e-04  7.9512e-05  5.5166e-05  3.7378e-05  2.5122e-05  1.6657e-05  1.0893e-05  7.2998e-06  4.8711e-06  3.2737e-06  2.1984e-06  1.4794e-06  9.9523e-07  6.8000e-07  4.6291e-07  3.1959e-07  2.2634e-07  1.7015e-07
    26  1.4007e-05  6.7603e-05  1.0925e-04  1.6251e-04  2.0938e-04  2.4920e-04  2.7693e-04  3.0057e-04  3.2667e-04  3.4416e-04  3.4830e-04  3.4696e-04  3.3353e-04  3.1215e-04  2.9485e-04  2.6782e-04  2.3841e-04  2.1195e-04  1.8375e-04  1.5746e-04  1.3001e-04  1.0622e-04  8.2974e-05  6.1481e-05  4.4141e-05  3.1152e-05  2.1555e-05  1.4692e-05  1.0006e-05  6.7532e-06  4.5809e-06  3.0952e-06  2.0745e-06  1.4000e-06  9.5404e-07  6.5179e-07  4.4509e-07  3.0616e-07  2.1764e-07  1.6318e-07
    27  1.6183e-05  4.4144e-05  7.3949e-05  1.0785e-04  1.3922e-04  1.6702e-04  1.9400e-04  2.1121e-04  2.2442e-04  2.3045e-04  2.2993e-04  2.3189e-04  2.2582e-04  2.1635e-04  2.0047e-04  1.8401e-04  1.6497e-04  1.4598e-04  1.2789e-04  1.0971e-04  9.3061e-05  7.6233e-05  5.9865e-05  4.6378e-05  3.4966e-05  2.5271e-05  1.7804e-05  1.2493e-05  8.5870e-06  5.8730e-06  4.0146e-06  2.7578e-06  1.8869e-06  1.2929e-06  8.8418e-07  6.0660e-07  4.1968e-07  2.9393e-07  2.1059e-07  1.5805e-07
    28  7.2655e-06  3.2421e-05  4.9391e-05  7.2487e-05  9.5761e-05  1.1289e-04  1.3459e-04  1.4511e-04  1.5276e-04  1.6214e-04  1.6434e-04  1.5829e-04  1.5442e-04  1.4653e-04  1.3837e-04  1.2912e-04  1.1656e-04  1.0216e-04  8.9797e-05  7.9350e-05  6.6052e-05  5.4563e-05  4.4225e-05  3.4699e-05  2.6398e-05  1.9692e-05  1.4385e-05  1.0319e-05  7.3287e-06  5.1350e-06  3.5371e-06  2.4443e-06  1.6751e-06  1.1543e-06  8.0144e-07  5.4900e-07  3.7937e-07  2.6867e-07  1.9448e-07  1.4812e-07
    29  7.8967e-06  2.1659e-05  3.7312e-05  5.0740e-05  6.7123e-05  8.3511e-05  9.4681e-05  1.0340e-04  1.0866e-04  1.1091e-04  1.0967e-04  1.1099e-04  1.0870e-04  1.0184e-04  9.5031e-05  8.7489e-05  8.1345e-05  7.2905e-05  6.4046e-05  5.4876e-05  4.7771e-05  3.9375e-05  3.2032e-05  2.5101e-05  1.9573e-05  1.5138e-05  1.1239e-05  8.1747e-06  5.8884e-06  4.2105e-06  3.0007e-06  2.0975e-06  1.4726e-06  1.0246e-06  7.0937e-07  4.9673e-07  3.4858e-07  2.4879e-07  1.8120e-07  1.3795e-07
    30  4.0018e-06  1.4261e-05  2.6483e-05  3.8370e-05  4.7287e-05  5.3935e-05  6.1653e-05  6.7886e-05  7.0001e-05  7.1843e-05  7.4783e-05  7.3589e-05  7.2427e-05  6.9661e-05  6.5277e-05  6.1549e-05  5.4650e-05  5.0875e-05  4.5361e-05  3.8864e-05  3.3589e-05  2.8496e-05  2.3157e-05  1.8698e-05  1.4700e-05  1.1232e-05  8.6312e-06  6.5106e-06  4.7421e-06  3.4665e-06  2.4811e-06  1.7741e-06  1.2449e-06  8.7405e-07  6.2084e-07  4.3527e-07  3.0704e-07  2.1823e-07  1.5982e-07  1.2279e-07
    31  5.4809e-06  1.2646e-05  1.7654e-05  2.5473e-05  3.3201e-05  3.8197e-05  4.0597e-05  4.3475e-05  4.7314e-05  4.8806e-05  5.0505e-05  4.9345e-05  4.9204e-05  4.7587e-05  4.5922e-05  4.2689e-05  3.9352e-05  3.5229e-05  3.1454e-05  2.7703e-05  2.3561e-05  2.0052e-05  1.6707e-05  1.3581e-05  1.0767e-05  8.4661e-06  6.4883e-06  4.9118e-06  3.6958e-06  2.7300e-06  2.0183e-06  1.4576e-06  1.0432e-06  7.4842e-07  5.3328e-07  3.7977e-07  2.6917e-07  1.9350e-07  1.4254e-07  1.1064e-07
    32  2.0350e-06  5.8501e-06  1.2742e-05  1.7834e-05  2.1282e-05  2.3254e-05  2.6360e-05  2.9156e-05  3.2576e-05  3.4486e-05  3.4543e-05  3.4702e-05  3.3238e-05  3.2424e-05  3.1154e-05  2.9670e-05  2.7567e-05  2.4885e-05  2.1933e-05  1.9361e-05  1.6673e-05  1.4220e-05  1.1936e-05  9.9023e-06  8.0220e-06  6.3033e-06  4.9358e-06  3.7625e-06  2.8637e-06  2.1386e-06  1.5809e-06  1.1703e-06  8.5728e-07  6.1944e-07  4.4268e-07  3.1756e-07  2.2944e-07  1.6722e-07  1.2335e-07  9.5556e-08
    33  3.3933e-07  3.6987e-06  7.8840e-06  1.1715e-05  1.3574e-05  1.6056e-05  1.8121e-05  2.0439e-05  2.2399e-05  2.3524e-05  2.4478e-05  2.4027e-05  2.3634e-05  2.2340e-05  2.1361e-05  2.0171e-05  1.9120e-05  1.7201e-05  1.5161e-05  1.3399e-05  1.1827e-05  9.9910e-06  8.5168e-06  7.0951e-06  5.7540e-06  4.7216e-06  3.6910e-06  2.8422e-06  2.1744e-06  1.6605e-06  1.2590e-06  9.2699e-07  6.8268e-07  5.0266e-07  3.6425e-07  2.6389e-07  1.9178e-07  1.4017e-07  1.0586e-07  8.2923e-08
    34  1.3825e-06  4.0147e-06  5.3618e-06  6.7264e-06  8.8627e-06  1.1626e-05  1.3232e-05  1.4090e-05  1.5061e-05  1.5427e-05  1.5982e-05  1.6559e-05  1.6198e-05  1.5285e-05  1.4576e-05  1.3933e-05  1.3035e-05  1.2037e-05  1.0623e-05  9.5108e-06  8.2884e-06  7.0962e-06  6.1213e-06  5.0653e-06  4.2202e-06  3.3785e-06  2.7262e-06  2.1662e-06  1.6657e-06  1.2626e-06  9.5330e-07  7.3162e-07  5.4139e-07  3.9885e-07  2.9247e-07  2.1485e-07  1.5991e-07  1.1818e-07  8.8466e-08  6.9959e-08
    35  7.4614e-07  2.3275e-06  4.0471e-06  5.5689e-06  6.7784e-06  8.1213e-06  8.6530e-06  1.0005e-05  1.0471e-05  1.1069e-05  1.1343e-05  1.1255e-05  1.0928e-05  1.0724e-05  1.0054e-05  9.7988e-06  8.8805e-06  8.2563e-06  7.4771e-06  6.6923e-06  5.9585e-06  5.1284e-06  4.3358e-06  3.6900e-06  3.0564e-06  2.4966e-06  2.0142e-06  1.6015e-06  1.2521e-06  9.6703e-07  7.3968e-07  5.6372e-07  4.2197e-07  3.1713e-07  2.3516e-07  1.7141e-07  1.2831e-07  9.6023e-08  7.3274e-08  5.8111e-08
    36  5.8795e-07  1.4218e-06  2.7945e-06  3.3937e-06  4.4307e-06  5.7092e-06  6.1956e-06  6.5814e-06  7.1994e-06  7.3881e-06  7.4781e-06  7.6854e-06  7.5500e-06  7.3318e-06  6.9734e-06  6.6061e-06  6.2463e-06  5.6675e-06  5.1910e-06  4.6078e-06  4.0909e-06  3.5961e-06  3.1244e-06  2.6138e-06  2.1803e-06  1.8307e-06  1.4580e-06  1.1842e-06  9.2917e-07  7.2213e-07  5.5781e-07  4.2519e-07  3.2310e-07  2.4520e-07  1.8499e-07  1.3883e-07  1.0174e-07  7.7488e-08  5.9107e-08  4.7704e-08
    37  3.0720e-07  9.5168e-07  1.8114e-06  2.4175e-06  3.0588e-06  3.4826e-06  4.0138e-06  4.6244e-06  4.9220e-06  5.0904e-06  5.2293e-06  5.1222e-06  5.1059e-06  4.9110e-06  4.7727e-06  4.4829e-06  4.1894e-06  3.9332e-06  3.5570e-06  3.2229e-06  2.8542e-06  2.5061e-06  2.1346e-06  1.8369e-06  1.5383e-06  1.2856e-06  1.0387e-06  8.4512e-07  6.7727e-07  5.4139e-07  4.1621e-07  3.1826e-07  2.4607e-07  1.8663e-07  1.4251e-07  1.0713e-07  8.0429e-08  6.0875e-08  4.7405e-08  3.8117e-08
    38  2.4691e-07  7.5637e-07  1.1523e-06  1.5553e-06  1.9381e-06  2.3630e-06  2.7112e-06  2.9720e-06  3.3226e-06  3.4638e-06  3.3937e-06  3.4072e-06  3.4685e-06  3.3388e-06  3.2889e-06  3.0533e-06  2.8772e-06  2.6426e-06  2.4335e-06  2.1956e-06  1.9828e-06  1.7370e-06  1.4824e-06  1.2840e-06  1.0786e-06  8.7659e-07  7.3254e-07  5.9026e-07  4.8317e-07  3.8336e-07  3.0360e-07  2.4085e-07  1.8437e-07  1.3826e-07  1.0554e-07  8.0177e-08  6.0628e-08  4.5986e-08  3.5950e-08  2.9491e-08
    39  1.2906e-07  3.1325e-07  7.3078e-07  9.6573e-07  1.3428e-06  1.5769e-06  1.6914e-06  1.9508e-06  1.9762e-06  2.1097e-06  2.2580e-06  2.2367e-06  2.2598e-06  2.2233e-06  2.1088e-06  2.0597e-06  1.9002e-06  1.7505e-06  1.5941e-06  1.4354e-06  1.2815e-06  1.1520e-06  1.0054e-06  8.6125e-07  7.3602e-07  6.2309e-07  5.0488e-07  4.1639e-07  3.3447e-07  2.6955e-07  2.1408e-07  1.6394e-07  1.2785e-07  9.9293e-08  7.5288e-08  5.8216e-08  4.4283e-08  3.3623e-08  2.6260e-08  2.1410e-08
    40  3.3633e-08  2.6909e-07  4.3712e-07  6.5668e-07  8.3200e-07  9.3910e-07  1.0745e-06  1.1475e-06  1.2552e-06  1.3337e-06  1.3723e-06  1.3391e-06  1.3308e-06  1.3083e-06  1.2591e-06  1.2202e-06  1.1705e-06  1.0436e-06  9.6766e-07  8.7901e-07  7.8381e-07  7.1505e-07  6.2041e-07  5.3812e-07  4.4904e-07  3.8041e-07  3.2299e-07  2.6682e-07  2.1438e-07  1.7261e-07  1.3763e-07  1.0665e-07  8.3610e-08  6.4724e-08  4.8978e-08  3.7845e-08  2.9170e-08  2.2368e-08  1.7452e-08  1.4130e-08
