 iy/ix           1           2           3           4           5           6           7           8           9          10          11          12          13          14          15          16          17          18          19          20          21          22          23          24          25          26          27          28          29          30          31          32          33          34          35          36          37          38          39          40
     1  7.6783e-03  1.2493e-02  8.8998e-03 -3.2210e-03  5.6979e-03  2.4887e-03  4.6346e-03  1.1493e-02  6.5904e-03  1.2652e-03  1.9311e-03  4.3431e-04  1.4296e-03  9.4175e-04  1.9527e-03  1.2542e-03  5.9820e-04  4.8604e-04  3.7800e-04  1.5148e-04 -3.7700e-06  2.3858e-06 -1.1109e-06 -6.3055e-09  5.8021e-08  8.8238e-08  4.8845e-08  3.0985e-08  2.3783e-08  2.1217e-08  3.6711e-09  7.3640e-09  5.3673e-09  5.1506e-09  2.6112e-09  1.1283e-09  7.9587e-10  8.6292e-10  6.4566e-12  2.1309e-10
     2  2.0063e-02  2.2382e-02  1.2552e-02  2.1150e-02  1.2008e-02  1.5300e-02  1.2982e-02  1.3750e-02  1.8852e-02  9.7332e-03  7.1252e-03  3.3437e-03  4.9405e-03  4.7823e-03  4.0553e-03  3.0861e-03  1.2546e-03  1.2329e-03  1.0266e-03  4.9872e-04  1.4758e-04  2.2747e-06  1.2698e-06 -1.0439e-08  2.4382e-07  2.1728e-07  1.5065e-07  1.1021e-07  6.2779e-08  4.6346e-08  4.1234e-08  2.2439e-08  1.5965e-08  1.1226e-08  6.2244e-09  4.0870e-09  2.3077e-09  1.2658e-09  6.8902e-10  8.0689e-10
     3  4.2084e-02  2.8610e-02  2.6814e-02  2.7072e-02  2.8131e-02  3.7884e-02  2.2934e-02  1.7101e-02  2.5864e-02  2.0906e-02  1.1967e-02  1.1484e-02  8.8302e-03  8.4357e-03  7.0769e-03  4.0413e-03  2.9259e-03  2.1393e-03  1.6144e-03  1.1764e-03  2.0606e-04  1.4843e-05  2.6593e-06  5.9986e-07  4.0025e-07  3.7128e-07  2.8304e-07  1.7875e-07  1.2331e-07  8.8563e-08  6.6464e-08  3.8991e-08  2.7432e-08  2.0187e-08  1.0013e-08  6.3777e-09  3.9139e-09  1.7720e-09  1.2645e-09  8.9425e-10
     4  6.1379e-02  4.7658e-02  4.0012e-02  5.3439e-02  4.2146e-02  5.6039e-02  3.9864e-02  3.6533e-02  3.3075e-02  2.6274e-02  2.2394e-02  1.8966e-02  1.3943e-02  1.0890e-02  9.1471e-03  6.3090e-03  4.4922e-03  3.0455e-03  2.1739e-03  1.6880e-03  3.2213e-04  2.1803e-05  3.6502e-06  7.9822e-07  4.9850e-07  4.5527e-07  3.8429e-07  2.5625e-07  1.5367e-07  1.2264e-07  8.5111e-08  5.9975e-08  3.4909e-08  2.3724e-08  1.4885e-08  9.5934e-09  4.4562e-09  2.8549e-09  1.8810e-09  8.5247e-10
     5  7.6434e-02  7.9979e-02  7.2080e-02  8.3215e-02  6.2960e-02  6.7159e-02  7.1292e-02  4.8277e-02  5.6504e-02  3.2820e-02  3.6332e-02  2.6025e-02  2.1155e-02  1.6670e-02  1.1736e-02  7.8697e-03  6.1844e-03  4.1049e-03  2.7405e-03  2.0510e-03  3.7760e-04  2.8647e-05  4.4700e-06  8.9194e-07  6.8030e-07  5.9247e-07  4.6852e-07  3.3006e-07  2.1392e-07  1.4049e-07  9.7346e-08  6.5583e-08  4.4764e-08  2.6423e-08  1.6991e-08  9.7881e-09  5.6889e-09  3.2222e-09  2.0282e-09  1.1997e-09
     6  1.0829e-01  1.1621e-01  1.1352e-01  1.1877e-01  9.9211e-02  9.6668e-02  9.8970e-02  8.4028e-02  6.8614e-02  5.8263e-02  5.2464e-02  3.9045e-02  2.8602e-02  2.2090e-02  1.5701e-02  1.0214e-02  7.5163e-03  5.3165e-03  3.4862e-03  2.3502e-03  4.2155e-04  4.0481e-05  5.1015e-06  1.0836e-06  7.2165e-07  7.1872e-07  5.2371e-07  3.9752e-07  2.6679e-07  1.7757e-07  1.0878e-07  7.4178e-08  4.4194e-08  2.7350e-08  1.7872e-08  9.8609e-09  6.3523e-09  3.5925e-09  1.6996e-09  8.3034e-10
     7  1.6443e-01  1.5942e-01  1.6114e-01  1.5900e-01  1.5941e-01  1.4430e-01  1.4119e-01  1.2757e-01  1.0831e-01  8.9724e-02  7.3187e-02  5.4174e-02  4.0294e-02  2.8090e-02  1.8807e-02  1.2969e-02  9.0329e-03  6.1364e-03  4.1726e-03  2.8145e-03  5.1456e-04  4.8258e-05  6.8460e-06  1.0269e-06  8.5856e-07  7.8984e-07  5.8198e-07  4.1711e-07  2.8699e-07  1.8905e-07  1.2699e-07  7.5481e-08  4.4759e-08  2.8005e-08  1.6613e-08  9.2082e-09  5.6014e-09  2.1931e-09  1.0167e-09  3.0917e-10
     8  2.4257e-01  2.3134e-01  2.3755e-01  2.3276e-01  2.2424e-01  2.1782e-01  2.0958e-01  1.9050e-01  1.7442e-01  1.3374e-01  1.0503e-01  7.2287e-02  5.0393e-02  3.4393e-02  2.3177e-02  1.5243e-02  1.0465e-02  7.1577e-03  4.7579e-03  3.1523e-03  5.8115e-04  4.9439e-05  7.3723e-06  1.2808e-06  1.0242e-06  8.8504e-07  6.5472e-07  4.3682e-07  2.9071e-07  1.9182e-07  1.2396e-07  7.4117e-08  4.3238e-08  2.2963e-08  1.3629e-08  6.8773e-09  3.6300e-09  1.6266e-10 -7.1479e-10 -5.4670e-10
     9  3.4706e-01  3.4206e-01  3.3661e-01  3.3472e-01  3.3673e-01  3.3100e-01  3.0384e-01  2.8869e-01  2.5727e-01  2.0497e-01  1.4581e-01  9.5854e-02  6.2209e-02  3.9879e-02  2.6307e-02  1.7342e-02  1.1533e-02  7.7844e-03  5.1861e-03  3.3123e-03  6.8843e-04  5.5970e-05  9.4924e-06  1.4510e-06  1.0794e-06  9.3078e-07  6.8654e-07  4.2541e-07  2.9741e-07  1.8844e-07  1.0663e-07  5.9834e-08  3.2614e-08  1.4641e-08  5.2778e-09  4.7941e-10 -1.2012e-09 -1.8901e-09 -2.6494e-09 -1.8939e-09
    10  5.0385e-01  5.0188e-01  5.0178e-01  4.9832e-01  4.9953e-01  4.8138e-01  4.6001e-01  4.4204e-01  3.9505e-01  3.1859e-01  1.9383e-01  1.1307e-01  6.9805e-02  4.4296e-02  2.8663e-02  1.8801e-02  1.2353e-02  8.0686e-03  5.4308e-03  3.5070e-03  6.8503e-04  6.2229e-05  8.2312e-06  1.5592e-06  1.0326e-06  9.1126e-07  6.5218e-07  4.1869e-07  2.5748e-07  1.5614e-07  8.1016e-08  3.8985e-08  1.1550e-08  2.6600e-09 -5.1925e-09 -7.4677e-09 -7.7463e-09 -6.2373e-09 -4.5261e-09 -3.4090e-09
    11  5.0429e-01  4.9601e-01  5.0236e-01  5.0007e-01  4.9475e-01  4.8139e-01  4.6423e-01  4.3827e-01  3.9407e-01  3.1657e-01  1.9224e-01  1.1260e-01  7.0678e-02  4.3727e-02  2.8500e-02  1.9071e-02  1.2443e-02  8.0691e-03  5.4022e-03  3.5052e-03  6.9449e-04  6.0745e-05  9.6709e-06  1.5428e-06  1.0045e-06  8.6842e-07  5.6572e-07  3.2439e-07  1.8094e-07  9.4975e-08  2.8727e-08  1.6662e-09 -1.5606e-08 -2.0318e-08 -2.0614e-08 -1.9355e-08 -1.5047e-08 -1.1640e-08 -7.8010e-09 -5.4298e-09
    12  3.4128e-01  3.4198e-01  3.4548e-01  3.3788e-01  3.3333e-01  3.2414e-01  3.0806e-01  2.8581e-01  2.5130e-01  2.0440e-01  1.4574e-01  9.5519e-02  6.2766e-02  4.0717e-02  2.6339e-02  1.7693e-02  1.1986e-02  7.8575e-03  5.1618e-03  3.3755e-03  6.5348e-04  5.9775e-05  9.2248e-06  1.4218e-06  8.9024e-07  7.0713e-07  4.3561e-07  2.0619e-07  8.2298e-08 -8.4000e-09 -4.9045e-08 -5.5077e-08 -5.6925e-08 -5.2630e-08 -4.1266e-08 -3.1909e-08 -2.4768e-08 -1.7520e-08 -1.1948e-08 -7.7132e-09
    13  2.3680e-01  2.3601e-01  2.3669e-01  2.3086e-01  2.2631e-01  2.1841e-01  2.0782e-01  1.9044e-01  1.6531e-01  1.3773e-01  1.0589e-01  7.5204e-02  5.0940e-02  3.4928e-02  2.3636e-02  1.5904e-02  1.0640e-02  7.2133e-03  4.8479e-03  3.1953e-03  5.9009e-04  5.0877e-05  7.4271e-06  1.2877e-06  6.4003e-07  4.4308e-07  2.0726e-07  4.9850e-09 -9.4263e-08 -1.3883e-07 -1.5267e-07 -1.2695e-07 -1.1299e-07 -9.0895e-08 -6.4288e-08 -4.9764e-08 -3.5897e-08 -2.4282e-08 -1.6535e-08 -1.0954e-08
    14  1.6479e-01  1.6195e-01  1.6107e-01  1.5927e-01  1.5440e-01  1.4727e-01  1.4236e-01  1.2837e-01  1.1208e-01  9.4664e-02  7.4719e-02  5.6166e-02  3.9941e-02  2.8574e-02  1.9817e-02  1.3550e-02  9.4624e-03  6.3872e-03  4.3389e-03  2.8485e-03  5.7737e-04  4.9152e-05  7.0302e-06  1.0051e-06  2.9686e-07  5.8741e-08 -1.7586e-07 -3.1341e-07 -3.4779e-07 -3.3435e-07 -2.9274e-07 -2.3376e-07 -1.8335e-07 -1.3392e-07 -9.5808e-08 -6.9554e-08 -4.7759e-08 -3.2276e-08 -2.2747e-08 -1.3864e-08
    15  1.1413e-01  1.1216e-01  1.1084e-01  1.0899e-01  1.0545e-01  1.0199e-01  9.5715e-02  8.6970e-02  7.7145e-02  6.4602e-02  5.2843e-02  4.0912e-02  3.0730e-02  2.2410e-02  1.5857e-02  1.1170e-02  7.9172e-03  5.4981e-03  3.8046e-03  2.5015e-03  4.8571e-04  4.5120e-05  6.6036e-06  9.5418e-07 -2.0597e-07 -5.0810e-07 -7.6463e-07 -8.0505e-07 -6.9587e-07 -6.0067e-07 -4.8277e-07 -3.6626e-07 -2.6411e-07 -1.8746e-07 -1.3030e-07 -9.0351e-08 -6.1160e-08 -4.2399e-08 -2.8132e-08 -1.6869e-08
    16  7.8284e-02  7.8579e-02  7.6798e-02  7.5125e-02  7.2246e-02  6.9740e-02  6.5266e-02  5.9013e-02  5.2960e-02  4.4861e-02  3.7253e-02  2.9388e-02  2.3039e-02  1.7117e-02  1.2490e-02  8.8566e-03  6.4474e-03  4.6169e-03  3.2132e-03  2.1666e-03  4.1775e-04  3.7789e-05  5.5913e-06  6.6003e-07 -1.0092e-06 -1.4623e-06 -1.6427e-06 -1.5152e-06 -1.2198e-06 -9.6449e-07 -7.2142e-07 -5.0643e-07 -3.5170e-07 -2.4735e-07 -1.6334e-07 -1.1019e-07 -7.6558e-08 -5.0854e-08 -3.2775e-08 -1.9571e-08
    17  5.4299e-02  5.3833e-02  5.3100e-02  5.1943e-02  4.9650e-02  4.7782e-02  4.4487e-02  4.0622e-02  3.6494e-02  3.1113e-02  2.6444e-02  2.1068e-02  1.6852e-02  1.2833e-02  9.5598e-03  7.0545e-03  5.2056e-03  3.6887e-03  2.6408e-03  1.7983e-03  3.4724e-04  3.1035e-05  4.5974e-06  2.5680e-07 -2.3894e-06 -3.0726e-06 -3.0257e-06 -2.5270e-06 -1.9199e-06 -1.4023e-06 -9.6861e-07 -6.5843e-07 -4.4290e-07 -3.0137e-07 -1.9631e-07 -1.3288e-07 -8.8827e-08 -5.8086e-08 -3.6147e-08 -2.1766e-08
    18  3.7596e-02  3.6919e-02  3.6644e-02  3.5931e-02  3.4272e-02  3.2712e-02  3.0488e-02  2.7878e-02  2.5228e-02  2.1765e-02  1.8407e-02  1.5250e-02  1.2191e-02  9.5106e-03  7.2253e-03  5.5094e-03  4.0742e-03  2.9443e-03  2.1594e-03  1.4466e-03  2.7471e-04  2.3544e-05  2.8361e-06 -4.7586e-07 -4.9897e-06 -5.9522e-06 -5.1413e-06 -3.8629e-06 -2.7309e-06 -1.8393e-06 -1.2253e-06 -7.9805e-07 -5.2493e-07 -3.4758e-07 -2.2591e-07 -1.5022e-07 -9.5407e-08 -6.1703e-08 -3.8178e-08 -2.3067e-08
    19  2.5760e-02  2.5513e-02  2.5371e-02  2.4715e-02  2.3759e-02  2.2423e-02  2.1011e-02  1.9210e-02  1.7201e-02  1.5276e-02  1.2838e-02  1.0898e-02  8.7985e-03  7.0052e-03  5.4214e-03  4.1847e-03  3.1720e-03  2.3181e-03  1.7101e-03  1.1642e-03  2.1544e-04  1.3433e-05 -2.1180e-06 -3.3960e-06 -1.0642e-05 -1.0722e-05 -7.9993e-06 -5.3382e-06 -3.4695e-06 -2.1921e-06 -1.4247e-06 -8.9885e-07 -5.7712e-07 -3.7765e-07 -2.3586e-07 -1.5556e-07 -9.7969e-08 -6.1306e-08 -3.7485e-08 -2.3230e-08
    20  1.7774e-02  1.7761e-02  1.7405e-02  1.7100e-02  1.6382e-02  1.5564e-02  1.4465e-02  1.3328e-02  1.1950e-02  1.0509e-02  9.0502e-03  7.6943e-03  6.3664e-03  5.0706e-03  4.0570e-03  3.1358e-03  2.4217e-03  1.7948e-03  1.3356e-03  9.3426e-04  1.5844e-04 -2.5278e-05 -2.8725e-05 -1.9477e-05 -2.3109e-05 -1.6590e-05 -1.0177e-05 -6.2465e-06 -3.8101e-06 -2.3235e-06 -1.4880e-06 -9.0584e-07 -5.6609e-07 -3.6100e-07 -2.2817e-07 -1.4620e-07 -9.2192e-08 -5.6989e-08 -3.6757e-08 -2.2291e-08
    21  1.2301e-02  1.2229e-02  1.2037e-02  1.1713e-02  1.1289e-02  1.0706e-02  9.8956e-03  9.2850e-03  8.2971e-03  7.3277e-03  6.4099e-03  5.4547e-03  4.4910e-03  3.6868e-03  2.9735e-03  2.3345e-03  1.7852e-03  1.3901e-03  1.0132e-03  7.2545e-04  2.4494e-04 -1.8262e-05 -4.2992e-05 -3.4177e-05 -2.4591e-05 -1.5533e-05 -9.2805e-06 -5.5392e-06 -3.3870e-06 -2.0577e-06 -1.2766e-06 -7.9470e-07 -5.0709e-07 -3.1043e-07 -1.9300e-07 -1.2515e-07 -7.9113e-08 -4.9613e-08 -3.2967e-08 -1.8997e-08
    22  8.5255e-03  8.4698e-03  8.3627e-03  8.0629e-03  7.7504e-03  7.3874e-03  6.8033e-03  6.4490e-03  5.7711e-03  5.1212e-03  4.4724e-03  3.8607e-03  3.2191e-03  2.6726e-03  2.1440e-03  1.7281e-03  1.3292e-03  1.0392e-03  7.7835e-04  5.3397e-04  2.9711e-04  9.7455e-05  1.4906e-05 -6.8078e-06 -9.8536e-06 -8.3165e-06 -5.4171e-06 -3.7092e-06 -2.3188e-06 -1.4164e-06 -9.3889e-07 -5.8514e-07 -3.7216e-07 -2.2524e-07 -1.4447e-07 -9.9446e-08 -6.0743e-08 -3.9610e-08 -2.4689e-08 -1.3294e-08
    23  5.8765e-03  5.9153e-03  5.7356e-03  5.5533e-03  5.3832e-03  5.0450e-03  4.7188e-03  4.4516e-03  4.0291e-03  3.5786e-03  3.1406e-03  2.7282e-03  2.2886e-03  1.9166e-03  1.5632e-03  1.2640e-03  9.9195e-04  7.6855e-04  5.8410e-04  4.1435e-04  2.5956e-04  1.3287e-04  5.5430e-05  1.9126e-05  4.8358e-06 -1.1842e-07 -9.3648e-07 -1.2309e-06 -9.5167e-07 -6.4369e-07 -4.6635e-07 -3.0747e-07 -1.9642e-07 -1.3327e-07 -8.3859e-08 -5.9787e-08 -3.6210e-08 -2.4724e-08 -1.4397e-08 -8.5653e-09
    24  4.0632e-03  4.0871e-03  3.9478e-03  3.8817e-03  3.6850e-03  3.4758e-03  3.3135e-03  3.0551e-03  2.8123e-03  2.4746e-03  2.2045e-03  1.9154e-03  1.6273e-03  1.3877e-03  1.1349e-03  9.2233e-04  7.3149e-04  5.6644e-04  4.3843e-04  3.1746e-04  2.1287e-04  1.2696e-04  6.8292e-05  3.4120e-05  1.5571e-05  7.1501e-06  2.9851e-06  1.2267e-06  4.9339e-07  1.3390e-07  3.3654e-08 -1.7406e-08 -1.6259e-08 -2.6285e-08 -1.8754e-08 -1.2592e-08 -8.2672e-09 -6.4989e-09 -4.6616e-09 -2.5894e-09
    25  2.8176e-03  2.8114e-03  2.7578e-03  2.6707e-03  2.5570e-03  2.4274e-03  2.2907e-03  2.1151e-03  1.9526e-03  1.7289e-03  1.5418e-03  1.3455e-03  1.1510e-03  9.8400e-04  8.2566e-04  6.6610e-04  5.3951e-04  4.1811e-04  3.2427e-04  2.4373e-04  1.7040e-04  1.1090e-04  6.6817e-05  3.8467e-05  2.0964e-05  1.1221e-05  6.0045e-06  3.1438e-06  1.6673e-06  9.1198e-07  5.0443e-07  2.4736e-07  1.6216e-07  8.6761e-08  5.4952e-08  2.9904e-08  1.8876e-08  1.3123e-08  6.3357e-09  3.8159e-09
    26  1.9419e-03  1.9370e-03  1.8956e-03  1.8657e-03  1.7825e-03  1.6899e-03  1.5908e-03  1.4676e-03  1.3493e-03  1.2130e-03  1.0778e-03  9.5480e-04  8.1915e-04  7.0319e-04  5.9459e-04  4.8557e-04  3.8633e-04  3.1101e-04  2.4183e-04  1.8463e-04  1.3264e-04  9.1749e-05  5.9438e-05  3.7693e-05  2.2481e-05  1.2877e-05  7.5231e-06  4.3969e-06  2.5179e-06  1.4899e-06  8.7736e-07  4.8823e-07  3.1151e-07  1.9085e-07  1.1347e-07  7.0418e-08  4.5736e-08  2.8437e-08  1.6446e-08  9.6285e-09
    27  1.3499e-03  1.3432e-03  1.3209e-03  1.2828e-03  1.2367e-03  1.1716e-03  1.1037e-03  1.0215e-03  9.4777e-04  8.4933e-04  7.5483e-04  6.7185e-04  5.7742e-04  4.9615e-04  4.2477e-04  3.5106e-04  2.8174e-04  2.2780e-04  1.7888e-04  1.3887e-04  1.0183e-04  7.3523e-05  4.9715e-05  3.3334e-05  2.1142e-05  1.3048e-05  8.0965e-06  4.9833e-06  2.9928e-06  1.8163e-06  1.1115e-06  6.6259e-07  4.3186e-07  2.6399e-07  1.6853e-07  1.0403e-07  6.6331e-08  4.3121e-08  2.6410e-08  1.4530e-08
    28  9.3425e-04  9.3168e-04  9.1196e-04  8.8943e-04  8.5995e-04  8.1320e-04  7.6363e-04  7.0630e-04  6.6268e-04  5.9179e-04  5.3322e-04  4.7162e-04  4.0714e-04  3.5283e-04  3.0292e-04  2.5327e-04  2.0644e-04  1.6613e-04  1.3166e-04  1.0442e-04  7.8107e-05  5.7022e-05  4.0492e-05  2.7532e-05  1.8621e-05  1.2241e-05  7.8288e-06  5.0190e-06  3.1271e-06  2.0079e-06  1.2382e-06  7.5876e-07  5.0111e-07  3.0975e-07  1.9881e-07  1.2650e-07  8.2741e-08  5.1415e-08  3.2677e-08  1.8276e-08
    29  6.4635e-04  6.4175e-04  6.3276e-04  6.1750e-04  5.9462e-04  5.6176e-04  5.2955e-04  4.9326e-04  4.5713e-04  4.1376e-04  3.7351e-04  3.2850e-04  2.8892e-04  2.5037e-04  2.1655e-04  1.8138e-04  1.5010e-04  1.2188e-04  9.7286e-05  7.6185e-05  6.0386e-05  4.4024e-05  3.1858e-05  2.2406e-05  1.5705e-05  1.0598e-05  7.2254e-06  4.6639e-06  3.0338e-06  1.9946e-06  1.2786e-06  8.1731e-07  5.2084e-07  3.4215e-07  2.1464e-07  1.4192e-07  9.1837e-08  5.9496e-08  3.6991e-08  2.1782e-08
    30  4.5097e-04  4.4307e-04  4.3755e-04  4.2635e-04  4.1379e-04  3.8402e-04  3.6593e-04  3.4464e-04  3.1982e-04  2.8976e-04  2.5973e-04  2.3157e-04  2.0537e-04  1.7825e-04  1.5439e-04  1.3015e-04  1.0758e-04  8.8257e-05  7.1614e-05  5.6712e-05  4.4690e-05  3.3722e-05  2.5039e-05  1.7969e-05  1.2619e-05  8.8589e-06  6.1494e-06  4.2919e-06  2.7891e-06  1.8743e-06  1.2362e-06  8.0468e-07  5.2507e-07  3.4935e-07  2.2981e-07  1.4466e-07  9.6494e-08  6.1717e-08  3.8458e-08  2.2944e-08
    31  3.1036e-04  3.0853e-04  3.0343e-04  2.9328e-04  2.8602e-04  2.6845e-04  2.5460e-04  2.4067e-04  2.2311e-04  2.0153e-04  1.8263e-04  1.6155e-04  1.4326e-04  1.2704e-04  1.1006e-04  9.3833e-05  7.7427e-05  6.3033e-05  5.2057e-05  4.2040e-05  3.3080e-05  2.5334e-05  1.9463e-05  1.4100e-05  1.0268e-05  7.3267e-06  5.0961e-06  3.5907e-06  2.4700e-06  1.6706e-06  1.1489e-06  7.6739e-07  5.0602e-07  3.3407e-07  2.2378e-07  1.4775e-07  9.7480e-08  6.3578e-08  3.9527e-08  2.3641e-08
    32  2.1544e-04  2.1411e-04  2.1106e-04  2.0220e-04  1.9831e-04  1.8687e-04  1.7685e-04  1.6703e-04  1.5394e-04  1.4112e-04  1.2859e-04  1.1328e-04  1.0090e-04  8.9610e-05  7.7754e-05  6.7210e-05  5.5819e-05  4.5883e-05  3.7986e-05  3.0927e-05  2.4440e-05  1.9021e-05  1.4776e-05  1.0900e-05  8.1298e-06  5.8512e-06  4.2560e-06  2.9878e-06  2.0886e-06  1.4699e-06  1.0050e-06  6.8740e-07  4.7164e-07  3.1214e-07  2.0791e-07  1.4502e-07  9.5787e-08  6.2906e-08  3.9387e-08  2.3617e-08
    33  1.4989e-04  1.4918e-04  1.4436e-04  1.4083e-04  1.3813e-04  1.2997e-04  1.2337e-04  1.1499e-04  1.0720e-04  9.8633e-05  9.0141e-05  8.0348e-05  7.1378e-05  6.2934e-05  5.5198e-05  4.7919e-05  4.0257e-05  3.3326e-05  2.7575e-05  2.2691e-05  1.8055e-05  1.4232e-05  1.1127e-05  8.3788e-06  6.3491e-06  4.6990e-06  3.4415e-06  2.4446e-06  1.7348e-06  1.2349e-06  8.6246e-07  5.9989e-07  4.1686e-07  2.8538e-07  1.9574e-07  1.3544e-07  8.9812e-08  5.8638e-08  3.8350e-08  2.3279e-08
    34  1.0397e-04  1.0301e-04  1.0120e-04  9.7829e-05  9.6178e-05  9.0620e-05  8.5521e-05  8.0245e-05  7.5002e-05  6.8938e-05  6.3237e-05  5.6376e-05  5.0420e-05  4.4532e-05  3.9464e-05  3.3727e-05  2.8689e-05  2.4113e-05  2.0089e-05  1.6667e-05  1.3330e-05  1.0524e-05  8.3272e-06  6.4194e-06  4.9351e-06  3.6606e-06  2.7490e-06  2.0125e-06  1.4236e-06  1.0213e-06  7.2952e-07  5.2170e-07  3.5854e-07  2.5339e-07  1.7572e-07  1.1936e-07  8.2784e-08  5.4531e-08  3.6157e-08  2.1989e-08
    35  7.1692e-05  7.1813e-05  7.0455e-05  6.8447e-05  6.6486e-05  6.3083e-05  5.9566e-05  5.6910e-05  5.2574e-05  4.7996e-05  4.4539e-05  3.9876e-05  3.5710e-05  3.1811e-05  2.7791e-05  2.4026e-05  2.0683e-05  1.7349e-05  1.4596e-05  1.2091e-05  9.8786e-06  7.8501e-06  6.2287e-06  4.9140e-06  3.7438e-06  2.8825e-06  2.1582e-06  1.6173e-06  1.1649e-06  8.5243e-07  6.0437e-07  4.3670e-07  3.1307e-07  2.2216e-07  1.5566e-07  1.0445e-07  7.2888e-08  5.1088e-08  3.3286e-08  2.0268e-08
    36  5.0120e-05  4.9831e-05  4.9231e-05  4.7865e-05  4.6088e-05  4.4254e-05  4.2172e-05  3.9589e-05  3.6704e-05  3.3796e-05  3.1030e-05  2.8166e-05  2.5153e-05  2.2863e-05  1.9799e-05  1.7141e-05  1.4883e-05  1.2467e-05  1.0622e-05  8.8457e-06  7.2298e-06  5.8830e-06  4.6693e-06  3.6935e-06  2.8569e-06  2.2309e-06  1.6867e-06  1.2870e-06  9.6204e-07  6.9543e-07  4.9888e-07  3.6855e-07  2.6272e-07  1.8722e-07  1.3539e-07  9.3838e-08  6.4889e-08  4.5820e-08  2.9958e-08  1.8600e-08
    37  3.5252e-05  3.5005e-05  3.4424e-05  3.3332e-05  3.2406e-05  3.1102e-05  2.9552e-05  2.7822e-05  2.5953e-05  2.3902e-05  2.1748e-05  1.9992e-05  1.7965e-05  1.6296e-05  1.4187e-05  1.2294e-05  1.0743e-05  9.0363e-06  7.7660e-06  6.4891e-06  5.3248e-06  4.3489e-06  3.5167e-06  2.7976e-06  2.1819e-06  1.7256e-06  1.3276e-06  1.0179e-06  7.7403e-07  5.7364e-07  4.1704e-07  3.0269e-07  2.2182e-07  1.5904e-07  1.1750e-07  8.2810e-08  5.7644e-08  4.0293e-08  2.7144e-08  1.6687e-08
    38  2.4830e-05  2.4960e-05  2.4253e-05  2.3835e-05  2.3148e-05  2.2112e-05  2.0915e-05  1.9796e-05  1.8516e-05  1.7106e-05  1.5614e-05  1.4484e-05  1.3026e-05  1.1601e-05  1.0426e-05  8.9464e-06  7.7813e-06  6.6991e-06  5.7275e-06  4.7708e-06  4.0278e-06  3.2741e-06  2.6760e-06  2.1463e-06  1.6973e-06  1.3337e-06  1.0504e-06  8.0246e-07  6.1320e-07  4.6688e-07  3.4629e-07  2.5525e-07  1.8701e-07  1.3736e-07  1.0015e-07  7.3430e-08  5.1463e-08  3.5874e-08  2.4240e-08  1.5133e-08
    39  1.8061e-05  1.8145e-05  1.7762e-05  1.7245e-05  1.6812e-05  1.6040e-05  1.5290e-05  1.4475e-05  1.3516e-05  1.2494e-05  1.1562e-05  1.0682e-05  9.5498e-06  8.6247e-06  7.6679e-06  6.7810e-06  5.8330e-06  5.0518e-06  4.3151e-06  3.6347e-06  3.0489e-06  2.5609e-06  2.0724e-06  1.6639e-06  1.3553e-06  1.0719e-06  8.4371e-07  6.5752e-07  4.9735e-07  3.8723e-07  2.9036e-07  2.1601e-07  1.6185e-07  1.1958e-07  8.7270e-08  6.4456e-08  4.6318e-08  3.2213e-08  2.1841e-08  1.3540e-08
    40  1.3876e-05  1.3731e-05  1.3647e-05  1.3247e-05  1.2804e-05  1.2368e-05  1.1713e-05  1.1081e-05  1.0423e-05  9.6423e-06  8.9639e-06  8.2153e-06  7.4064e-06  6.7388e-06  5.9531e-06  5.2701e-06  4.6193e-06  3.9542e-06  3.4245e-06  2.8899e-06  2.4334e-06  2.0467e-06  1.6875e-06  1.3730e-06  1.1075e-06  8.8485e-07  7.0379e-07  5.5553e-07  4.2579e-07  3.3290e-07  2.5445e-07  1.9022e-07  1.4280e-07  1.0725e-07  7.8950e-08  5.8197e-08  4.2344e-08  2.9779e-08  2.0302e-08  1.2453e-08
