 iy/ix           1           2           3           4           5           6           7           8           9          10          11          12          13          14          15          16          17          18          19          20          21          22          23          24          25          26          27          28          29          30          31          32          33          34          35          36          37          38          39          40
     1  4.7740e+00  4.8001e+00  4.7256e+00  4.6456e+00  4.6045e+00  4.4831e+00  4.3130e+00  4.0298e+00  3.6196e+00  2.9596e+00  1.9004e+00  1.2421e+00  8.4872e-01  5.8169e-01  3.9899e-01  2.7374e-01  1.8850e-01  1.3119e-01  9.0915e-02  6.2833e-02  2.4442e-02  4.1592e-03  6.9887e-04  1.1857e-04  3.5611e-05  2.4656e-05  1.7084e-05  1.1853e-05  8.1801e-06  5.6708e-06  3.9357e-06  2.7332e-06  1.8897e-06  1.3042e-06  9.0125e-07  6.2361e-07  4.2988e-07  2.9134e-07  1.9106e-07  1.1299e-07
     2  4.7553e+00  4.7474e+00  4.7083e+00  4.6582e+00  4.5844e+00  4.4697e+00  4.2898e+00  4.0214e+00  3.6113e+00  2.9488e+00  1.9012e+00  1.2385e+00  8.3851e-01  5.7542e-01  3.9492e-01  2.7128e-01  1.8724e-01  1.2979e-01  9.0088e-02  6.2473e-02  2.4290e-02  4.1131e-03  6.9858e-04  1.1835e-04  3.5384e-05  2.4541e-05  1.6973e-05  1.1740e-05  8.1197e-06  5.6711e-06  3.9141e-06  2.7063e-06  1.8725e-06  1.2996e-06  8.9786e-07  6.1763e-07  4.2749e-07  2.9104e-07  1.9111e-07  1.1226e-07
     3  4.7278e+00  4.6899e+00  4.6685e+00  4.6343e+00  4.5604e+00  4.4526e+00  4.2778e+00  4.0168e+00  3.6129e+00  2.9325e+00  1.8910e+00  1.2239e+00  8.2352e-01  5.6529e-01  3.8793e-01  2.6800e-01  1.8439e-01  1.2690e-01  8.8534e-02  6.1627e-02  2.3840e-02  4.0347e-03  6.8551e-04  1.1462e-04  3.4497e-05  2.3929e-05  1.6635e-05  1.1530e-05  7.9375e-06  5.5254e-06  3.8396e-06  2.6683e-06  1.8497e-06  1.2832e-06  8.9210e-07  6.1485e-07  4.2177e-07  2.8671e-07  1.8890e-07  1.1168e-07
     4  4.6918e+00  4.6471e+00  4.6149e+00  4.5497e+00  4.5158e+00  4.3936e+00  4.2140e+00  3.9662e+00  3.5751e+00  2.9083e+00  1.8582e+00  1.2061e+00  8.0389e-01  5.5171e-01  3.7718e-01  2.6003e-01  1.7880e-01  1.2376e-01  8.5551e-02  5.9170e-02  2.3264e-02  3.9352e-03  6.6122e-04  1.1262e-04  3.3611e-05  2.3209e-05  1.6154e-05  1.1204e-05  7.7496e-06  5.3624e-06  3.7272e-06  2.5875e-06  1.8051e-06  1.2610e-06  8.7347e-07  6.0308e-07  4.1780e-07  2.8464e-07  1.8655e-07  1.1046e-07
     5  4.5942e+00  4.5747e+00  4.5368e+00  4.4692e+00  4.4205e+00  4.3217e+00  4.1718e+00  3.8967e+00  3.5153e+00  2.8726e+00  1.8279e+00  1.1751e+00  7.8509e-01  5.3491e-01  3.6415e-01  2.4961e-01  1.7184e-01  1.1852e-01  8.1802e-02  5.6825e-02  2.2246e-02  3.7414e-03  6.3478e-04  1.0750e-04  3.2296e-05  2.2381e-05  1.5518e-05  1.0798e-05  7.4965e-06  5.1871e-06  3.5998e-06  2.5209e-06  1.7626e-06  1.2238e-06  8.6037e-07  5.9209e-07  4.1107e-07  2.7907e-07  1.8493e-07  1.0876e-07
     6  4.4715e+00  4.4761e+00  4.4450e+00  4.3742e+00  4.3027e+00  4.2190e+00  4.0555e+00  3.8084e+00  3.4412e+00  2.8012e+00  1.7681e+00  1.1321e+00  7.5426e-01  5.0692e-01  3.4742e-01  2.3829e-01  1.6378e-01  1.1277e-01  7.8072e-02  5.3894e-02  2.0946e-02  3.5844e-03  5.9904e-04  1.0121e-04  3.0624e-05  2.1245e-05  1.4722e-05  1.0272e-05  7.1439e-06  4.9774e-06  3.4730e-06  2.4119e-06  1.6963e-06  1.1842e-06  8.3379e-07  5.8048e-07  4.0134e-07  2.7472e-07  1.8190e-07  1.0797e-07
     7  4.2892e+00  4.2800e+00  4.2664e+00  4.2266e+00  4.1389e+00  4.0557e+00  3.9087e+00  3.6635e+00  3.2945e+00  2.6843e+00  1.6803e+00  1.0714e+00  7.0749e-01  4.7569e-01  3.2686e-01  2.2292e-01  1.5235e-01  1.0505e-01  7.2846e-02  5.0731e-02  1.9672e-02  3.3129e-03  5.6242e-04  9.4375e-05  2.8663e-05  1.9906e-05  1.3792e-05  9.6314e-06  6.7372e-06  4.7361e-06  3.3093e-06  2.3178e-06  1.6323e-06  1.1483e-06  8.0423e-07  5.6979e-07  3.9308e-07  2.6994e-07  1.7920e-07  1.0682e-07
     8  4.0389e+00  4.0125e+00  4.0053e+00  3.9654e+00  3.9045e+00  3.8184e+00  3.6833e+00  3.4673e+00  3.1493e+00  2.5429e+00  1.5726e+00  9.8148e-01  6.5204e-01  4.3859e-01  2.9828e-01  2.0374e-01  1.4042e-01  9.6993e-02  6.6872e-02  4.6814e-02  1.8171e-02  3.0683e-03  5.2061e-04  8.7569e-05  2.6541e-05  1.8469e-05  1.2905e-05  9.0189e-06  6.2936e-06  4.4470e-06  3.1346e-06  2.2209e-06  1.5715e-06  1.1095e-06  7.8366e-07  5.5476e-07  3.9071e-07  2.6833e-07  1.7961e-07  1.0836e-07
     9  3.6309e+00  3.6290e+00  3.6140e+00  3.5813e+00  3.5336e+00  3.4576e+00  3.3209e+00  3.1298e+00  2.8331e+00  2.3070e+00  1.3999e+00  8.7606e-01  5.8020e-01  3.9010e-01  2.6522e-01  1.8151e-01  1.2554e-01  8.6457e-02  6.0326e-02  4.2035e-02  1.6383e-02  2.7630e-03  4.6801e-04  7.8753e-05  2.4070e-05  1.6963e-05  1.1934e-05  8.3448e-06  5.9165e-06  4.2057e-06  2.9825e-06  2.1132e-06  1.5068e-06  1.0784e-06  7.6952e-07  5.5042e-07  3.9031e-07  2.7123e-07  1.8098e-07  1.0797e-07
    10  2.9730e+00  2.9630e+00  2.9426e+00  2.9266e+00  2.8823e+00  2.8025e+00  2.6831e+00  2.5473e+00  2.3050e+00  1.8815e+00  1.1420e+00  7.2754e-01  4.8866e-01  3.3386e-01  2.2889e-01  1.5952e-01  1.1029e-01  7.6715e-02  5.3550e-02  3.7208e-02  1.4441e-02  2.4522e-03  4.1627e-04  7.0127e-05  2.1511e-05  1.5167e-05  1.0807e-05  7.7252e-06  5.4978e-06  3.9559e-06  2.8416e-06  2.0570e-06  1.4708e-06  1.0625e-06  7.7224e-07  5.5174e-07  3.9349e-07  2.7540e-07  1.8519e-07  1.1107e-07
    11  1.9066e+00  1.8931e+00  1.8874e+00  1.8685e+00  1.8322e+00  1.7706e+00  1.6837e+00  1.5621e+00  1.3861e+00  1.1391e+00  8.1602e-01  5.6458e-01  3.9350e-01  2.7243e-01  1.9158e-01  1.3484e-01  9.4597e-02  6.6305e-02  4.6512e-02  3.2741e-02  1.2665e-02  2.1291e-03  3.6201e-04  6.1005e-05  1.9303e-05  1.3703e-05  9.8387e-06  7.1618e-06  5.1463e-06  3.7472e-06  2.7383e-06  2.0182e-06  1.4741e-06  1.0746e-06  7.8367e-07  5.6914e-07  4.0593e-07  2.8492e-07  1.9287e-07  1.1659e-07
    12  1.2398e+00  1.2377e+00  1.2320e+00  1.2081e+00  1.1799e+00  1.1354e+00  1.0712e+00  9.8428e-01  8.6406e-01  7.2412e-01  5.6720e-01  4.2024e-01  3.0368e-01  2.1860e-01  1.5521e-01  1.1046e-01  7.9104e-02  5.5832e-02  3.9312e-02  2.7624e-02  1.0728e-02  1.8056e-03  3.0662e-04  5.2445e-05  1.6850e-05  1.2349e-05  9.1012e-06  6.7014e-06  4.9723e-06  3.7025e-06  2.7527e-06  2.0551e-06  1.5221e-06  1.1282e-06  8.2374e-07  5.9995e-07  4.3253e-07  3.0216e-07  2.0493e-07  1.2360e-07
    13  8.4144e-01  8.3732e-01  8.3050e-01  8.1075e-01  7.8729e-01  7.5580e-01  7.1084e-01  6.5009e-01  5.7393e-01  4.8766e-01  3.9505e-01  3.0521e-01  2.2836e-01  1.6924e-01  1.2357e-01  8.9893e-02  6.4394e-02  4.6171e-02  3.3035e-02  2.3420e-02  9.0326e-03  1.5097e-03  2.5441e-04  4.3971e-05  1.4790e-05  1.1149e-05  8.4720e-06  6.4883e-06  4.9493e-06  3.7772e-06  2.8684e-06  2.1649e-06  1.6397e-06  1.2159e-06  8.8833e-07  6.5112e-07  4.6883e-07  3.2899e-07  2.2329e-07  1.3562e-07
    14  5.7618e-01  5.7188e-01  5.6518e-01  5.5180e-01  5.3383e-01  5.0885e-01  4.8028e-01  4.3638e-01  3.8918e-01  3.3344e-01  2.7406e-01  2.1882e-01  1.6826e-01  1.2822e-01  9.5363e-02  7.0233e-02  5.1787e-02  3.7545e-02  2.6979e-02  1.9259e-02  7.4828e-03  1.2581e-03  2.1333e-04  3.6900e-05  1.3275e-05  1.0427e-05  8.3169e-06  6.5898e-06  5.1907e-06  4.0595e-06  3.1311e-06  2.3867e-06  1.8075e-06  1.3492e-06  9.9940e-07  7.2857e-07  5.2154e-07  3.6442e-07  2.4843e-07  1.5020e-07
    15  3.9554e-01  3.9133e-01  3.8682e-01  3.7635e-01  3.6316e-01  3.4747e-01  3.2479e-01  2.9829e-01  2.6558e-01  2.2974e-01  1.9289e-01  1.5607e-01  1.2393e-01  9.6171e-02  7.2727e-02  5.4413e-02  4.0763e-02  2.9978e-02  2.1818e-02  1.5628e-02  6.0421e-03  1.0155e-03  1.7314e-04  3.0565e-05  1.2389e-05  1.0474e-05  8.8042e-06  7.2914e-06  5.8675e-06  4.6883e-06  3.6356e-06  2.7703e-06  2.0909e-06  1.5494e-06  1.1393e-06  8.2751e-07  5.9272e-07  4.1400e-07  2.8063e-07  1.6828e-07
    16  2.7268e-01  2.7024e-01  2.6542e-01  2.5795e-01  2.4892e-01  2.3736e-01  2.2364e-01  2.0396e-01  1.8309e-01  1.5817e-01  1.3459e-01  1.1141e-01  9.0470e-02  7.0666e-02  5.4838e-02  4.1616e-02  3.1372e-02  2.3507e-02  1.7310e-02  1.2521e-02  4.8049e-03  8.0438e-04  1.3760e-04  2.5046e-05  1.2561e-05  1.1512e-05  1.0273e-05  8.7477e-06  7.1300e-06  5.7052e-06  4.4188e-06  3.3359e-06  2.4764e-06  1.8228e-06  1.3301e-06  9.5808e-07  6.8602e-07  4.7768e-07  3.1815e-07  1.9113e-07
    17  1.8806e-01  1.8556e-01  1.8287e-01  1.7785e-01  1.7106e-01  1.6366e-01  1.5272e-01  1.4016e-01  1.2599e-01  1.0982e-01  9.4706e-02  7.8897e-02  6.4836e-02  5.1942e-02  4.0749e-02  3.1513e-02  2.4118e-02  1.8020e-02  1.3468e-02  9.7868e-03  3.7503e-03  6.2636e-04  1.0740e-04  2.1287e-05  1.4617e-05  1.4547e-05  1.3425e-05  1.1486e-05  9.2877e-06  7.3045e-06  5.5123e-06  4.0781e-06  2.9908e-06  2.1745e-06  1.5646e-06  1.1229e-06  7.9156e-07  5.5036e-07  3.6458e-07  2.1724e-07
    18  1.2928e-01  1.2783e-01  1.2627e-01  1.2278e-01  1.1735e-01  1.1172e-01  1.0442e-01  9.5748e-02  8.6884e-02  7.6551e-02  6.6271e-02  5.5880e-02  4.6150e-02  3.7751e-02  3.0072e-02  2.3580e-02  1.8249e-02  1.3808e-02  1.0368e-02  7.5747e-03  2.8727e-03  4.8300e-04  8.5502e-05  2.0279e-05  2.0053e-05  2.1280e-05  1.9281e-05  1.5995e-05  1.2597e-05  9.5267e-06  6.9588e-06  5.0420e-06  3.6331e-06  2.5983e-06  1.8447e-06  1.3111e-06  9.1157e-07  6.2526e-07  4.1193e-07  2.4455e-07
    19  8.8771e-02  8.8117e-02  8.6780e-02  8.4283e-02  8.1321e-02  7.7099e-02  7.1957e-02  6.6200e-02  6.0136e-02  5.3559e-02  4.6003e-02  3.9554e-02  3.3073e-02  2.7115e-02  2.1947e-02  1.7419e-02  1.3625e-02  1.0414e-02  7.8757e-03  5.8231e-03  2.2099e-03  3.8348e-04  8.0617e-05  2.8089e-05  3.4065e-05  3.5118e-05  2.9581e-05  2.2900e-05  1.6976e-05  1.2268e-05  8.7969e-06  6.2296e-06  4.4128e-06  3.0933e-06  2.1473e-06  1.5075e-06  1.0392e-06  7.0428e-07  4.5983e-07  2.7361e-07
    20  6.1377e-02  6.0894e-02  5.9793e-02  5.8428e-02  5.6204e-02  5.3383e-02  4.9703e-02  4.6065e-02  4.1632e-02  3.7165e-02  3.2477e-02  2.7795e-02  2.3537e-02  1.9531e-02  1.5941e-02  1.2800e-02  1.0104e-02  7.8108e-03  5.9878e-03  4.4248e-03  1.7426e-03  4.1935e-04  1.6711e-04  8.9914e-05  7.6043e-05  6.2640e-05  4.5522e-05  3.2207e-05  2.2613e-05  1.5724e-05  1.0928e-05  7.5219e-06  5.2055e-06  3.5825e-06  2.4683e-06  1.6994e-06  1.1606e-06  7.7648e-07  5.0877e-07  3.0178e-07
    21  4.2306e-02  4.1939e-02  4.1411e-02  4.0269e-02  3.8598e-02  3.6753e-02  3.4295e-02  3.1929e-02  2.8869e-02  2.5895e-02  2.2863e-02  1.9722e-02  1.6689e-02  1.3981e-02  1.1593e-02  9.3241e-03  7.4303e-03  5.8478e-03  4.4205e-03  3.2383e-03  1.8217e-03  8.4574e-04  4.4826e-04  2.5997e-04  1.5465e-04  9.7963e-05  6.3682e-05  4.2088e-05  2.8244e-05  1.9105e-05  1.2835e-05  8.7366e-06  5.9460e-06  4.0386e-06  2.7441e-06  1.8728e-06  1.2672e-06  8.4400e-07  5.5201e-07  3.2309e-07
    22  2.9346e-02  2.9224e-02  2.8609e-02  2.7604e-02  2.6579e-02  2.5443e-02  2.3714e-02  2.2146e-02  2.0094e-02  1.8017e-02  1.5953e-02  1.3929e-02  1.1937e-02  1.0047e-02  8.3129e-03  6.8612e-03  5.4704e-03  4.3088e-03  3.3226e-03  2.4176e-03  1.6173e-03  9.5255e-04  5.4450e-04  3.1889e-04  1.9288e-04  1.2015e-04  7.6240e-05  4.9278e-05  3.2511e-05  2.1468e-05  1.4400e-05  9.6755e-06  6.5136e-06  4.3853e-06  2.9616e-06  2.0215e-06  1.3584e-06  9.1197e-07  5.8551e-07  3.3913e-07
    23  2.0204e-02  2.0099e-02  1.9675e-02  1.9093e-02  1.8425e-02  1.7493e-02  1.6406e-02  1.5334e-02  1.4006e-02  1.2632e-02  1.1219e-02  9.8572e-03  8.4512e-03  7.1758e-03  5.9769e-03  4.9378e-03  3.9946e-03  3.1485e-03  2.4534e-03  1.8385e-03  1.2962e-03  8.5784e-04  5.3866e-04  3.3206e-04  2.0653e-04  1.2903e-04  8.2576e-05  5.3654e-05  3.4771e-05  2.3168e-05  1.5451e-05  1.0292e-05  6.9290e-06  4.6656e-06  3.1675e-06  2.1294e-06  1.4345e-06  9.4508e-07  6.0972e-07  3.5459e-07
    24  1.4055e-02  1.3959e-02  1.3629e-02  1.3266e-02  1.2758e-02  1.2085e-02  1.1421e-02  1.0653e-02  9.7856e-03  8.7855e-03  7.8675e-03  6.9016e-03  5.9537e-03  5.1266e-03  4.3260e-03  3.5637e-03  2.9035e-03  2.3153e-03  1.8204e-03  1.3821e-03  1.0112e-03  7.0730e-04  4.7245e-04  3.0906e-04  1.9894e-04  1.2859e-04  8.3348e-05  5.4549e-05  3.5915e-05  2.3804e-05  1.5803e-05  1.0515e-05  7.0960e-06  4.7862e-06  3.2351e-06  2.1829e-06  1.4726e-06  9.7259e-07  6.2405e-07  3.6136e-07
    25  9.6560e-03  9.6320e-03  9.4597e-03  9.1537e-03  8.8324e-03  8.3957e-03  7.9485e-03  7.3735e-03  6.8426e-03  6.1361e-03  5.4833e-03  4.8278e-03  4.2174e-03  3.6432e-03  3.0801e-03  2.5697e-03  2.1211e-03  1.6995e-03  1.3446e-03  1.0407e-03  7.7920e-04  5.6379e-04  3.9117e-04  2.6768e-04  1.7962e-04  1.1904e-04  7.9084e-05  5.2283e-05  3.4662e-05  2.3195e-05  1.5528e-05  1.0462e-05  7.0617e-06  4.7796e-06  3.2257e-06  2.1818e-06  1.4623e-06  9.6776e-07  6.2170e-07  3.6201e-07
    26  6.7325e-03  6.6706e-03  6.5428e-03  6.3939e-03  6.1425e-03  5.8132e-03  5.5043e-03  5.1369e-03  4.7254e-03  4.2974e-03  3.8461e-03  3.4223e-03  2.9914e-03  2.5842e-03  2.2034e-03  1.8412e-03  1.5203e-03  1.2437e-03  9.9150e-04  7.8010e-04  5.9182e-04  4.3743e-04  3.1562e-04  2.2326e-04  1.5356e-04  1.0457e-04  7.1292e-05  4.8126e-05  3.2469e-05  2.1873e-05  1.4857e-05  1.0020e-05  6.7671e-06  4.5860e-06  3.1034e-06  2.1091e-06  1.4192e-06  9.4024e-07  6.0611e-07  3.5041e-07
    27  4.6611e-03  4.6144e-03  4.5231e-03  4.4135e-03  4.2602e-03  4.0444e-03  3.8210e-03  3.5567e-03  3.2940e-03  2.9996e-03  2.6912e-03  2.4032e-03  2.1053e-03  1.8222e-03  1.5734e-03  1.3254e-03  1.0958e-03  8.9955e-04  7.2387e-04  5.7484e-04  4.4548e-04  3.3647e-04  2.4639e-04  1.7904e-04  1.2784e-04  8.9419e-05  6.1564e-05  4.2430e-05  2.8930e-05  1.9714e-05  1.3465e-05  9.2275e-06  6.2819e-06  4.3012e-06  2.9250e-06  1.9909e-06  1.3488e-06  9.0154e-07  5.8349e-07  3.3899e-07
    28  3.2144e-03  3.1916e-03  3.1341e-03  3.0525e-03  2.9422e-03  2.8097e-03  2.6343e-03  2.4665e-03  2.2947e-03  2.0922e-03  1.8947e-03  1.6824e-03  1.4821e-03  1.2982e-03  1.1201e-03  9.4652e-04  7.9267e-04  6.5114e-04  5.3010e-04  4.2661e-04  3.3087e-04  2.5490e-04  1.9067e-04  1.4170e-04  1.0318e-04  7.3578e-05  5.1869e-05  3.6282e-05  2.5262e-05  1.7548e-05  1.2104e-05  8.3411e-06  5.7168e-06  3.9243e-06  2.6922e-06  1.8378e-06  1.2467e-06  8.3916e-07  5.4228e-07  3.1927e-07
    29  2.2226e-03  2.2008e-03  2.1741e-03  2.1176e-03  2.0383e-03  1.9463e-03  1.8308e-03  1.7166e-03  1.6000e-03  1.4590e-03  1.3217e-03  1.1834e-03  1.0473e-03  9.2039e-04  7.9099e-04  6.7364e-04  5.6983e-04  4.7202e-04  3.8637e-04  3.1021e-04  2.4865e-04  1.9129e-04  1.4662e-04  1.0960e-04  8.1137e-05  5.9282e-05  4.2753e-05  3.0332e-05  2.1415e-05  1.5108e-05  1.0558e-05  7.3410e-06  5.0879e-06  3.5205e-06  2.4293e-06  1.6765e-06  1.1449e-06  7.7348e-07  5.0496e-07  2.9685e-07
    30  1.5454e-03  1.5235e-03  1.5005e-03  1.4613e-03  1.4117e-03  1.3424e-03  1.2738e-03  1.1982e-03  1.1143e-03  1.0199e-03  9.2224e-04  8.2602e-04  7.3371e-04  6.4807e-04  5.6279e-04  4.8206e-04  4.0795e-04  3.4146e-04  2.8129e-04  2.2768e-04  1.8243e-04  1.4360e-04  1.1137e-04  8.4595e-05  6.3327e-05  4.6626e-05  3.4362e-05  2.4902e-05  1.7831e-05  1.2806e-05  9.0485e-06  6.3800e-06  4.4423e-06  3.1037e-06  2.1634e-06  1.4896e-06  1.0245e-06  6.9402e-07  4.5517e-07  2.6741e-07
    31  1.0651e-03  1.0606e-03  1.0365e-03  1.0127e-03  9.8311e-04  9.3727e-04  8.8567e-04  8.3625e-04  7.7614e-04  7.0593e-04  6.4333e-04  5.7557e-04  5.1451e-04  4.5789e-04  4.0106e-04  3.4549e-04  2.9257e-04  2.4434e-04  2.0338e-04  1.6651e-04  1.3425e-04  1.0628e-04  8.3777e-05  6.4228e-05  4.8639e-05  3.6817e-05  2.7269e-05  1.9969e-05  1.4467e-05  1.0466e-05  7.5573e-06  5.4005e-06  3.8148e-06  2.6887e-06  1.8843e-06  1.3144e-06  9.0962e-07  6.1917e-07  4.0699e-07  2.4093e-07
    32  7.3789e-04  7.3448e-04  7.2206e-04  7.0315e-04  6.8442e-04  6.5030e-04  6.1705e-04  5.8163e-04  5.3828e-04  4.9674e-04  4.5258e-04  4.0505e-04  3.6292e-04  3.2239e-04  2.8308e-04  2.4646e-04  2.0968e-04  1.7608e-04  1.4718e-04  1.2161e-04  9.8939e-05  7.9244e-05  6.2614e-05  4.8559e-05  3.7425e-05  2.8494e-05  2.1395e-05  1.5812e-05  1.1643e-05  8.5375e-06  6.1597e-06  4.4613e-06  3.2126e-06  2.2880e-06  1.6053e-06  1.1279e-06  7.8673e-07  5.4145e-07  3.5569e-07  2.1058e-07
    33  5.1246e-04  5.1109e-04  5.0001e-04  4.8580e-04  4.7426e-04  4.5133e-04  4.2867e-04  4.0284e-04  3.7468e-04  3.4564e-04  3.1601e-04  2.8588e-04  2.5665e-04  2.2745e-04  2.0030e-04  1.7542e-04  1.4947e-04  1.2648e-04  1.0625e-04  8.8563e-05  7.2077e-05  5.8090e-05  4.6457e-05  3.6508e-05  2.8279e-05  2.1900e-05  1.6559e-05  1.2372e-05  9.1960e-06  6.8490e-06  5.0137e-06  3.6427e-06  2.6468e-06  1.8998e-06  1.3504e-06  9.5663e-07  6.7511e-07  4.6199e-07  3.0695e-07  1.8298e-07
    34  3.5554e-04  3.5380e-04  3.4596e-04  3.3660e-04  3.2773e-04  3.1226e-04  2.9638e-04  2.7883e-04  2.6035e-04  2.4116e-04  2.2139e-04  2.0029e-04  1.8043e-04  1.6057e-04  1.4175e-04  1.2382e-04  1.0601e-04  9.0445e-05  7.6350e-05  6.3929e-05  5.2263e-05  4.2509e-05  3.4236e-05  2.7084e-05  2.1333e-05  1.6483e-05  1.2701e-05  9.6513e-06  7.2217e-06  5.3763e-06  3.9759e-06  2.9491e-06  2.1433e-06  1.5510e-06  1.1129e-06  7.9730e-07  5.6804e-07  3.9311e-07  2.6078e-07  1.5550e-07
    35  2.4508e-04  2.4518e-04  2.4021e-04  2.3325e-04  2.2769e-04  2.1723e-04  2.0474e-04  1.9458e-04  1.8086e-04  1.6740e-04  1.5432e-04  1.4085e-04  1.2730e-04  1.1329e-04  9.9789e-05  8.7143e-05  7.5575e-05  6.4524e-05  5.4809e-05  4.5893e-05  3.8101e-05  3.1170e-05  2.5227e-05  2.0212e-05  1.5877e-05  1.2501e-05  9.6860e-06  7.4375e-06  5.6262e-06  4.2266e-06  3.1383e-06  2.3323e-06  1.7146e-06  1.2583e-06  9.0992e-07  6.4939e-07  4.6539e-07  3.2544e-07  2.1743e-07  1.2978e-07
    36  1.7005e-04  1.6939e-04  1.6583e-04  1.6179e-04  1.5680e-04  1.5011e-04  1.4227e-04  1.3411e-04  1.2564e-04  1.1603e-04  1.0747e-04  9.8116e-05  8.8356e-05  7.9398e-05  7.0195e-05  6.1609e-05  5.3454e-05  4.5557e-05  3.9059e-05  3.3082e-05  2.7505e-05  2.2692e-05  1.8413e-05  1.4817e-05  1.1753e-05  9.3346e-06  7.2729e-06  5.6460e-06  4.3186e-06  3.2566e-06  2.4330e-06  1.8150e-06  1.3466e-06  9.9601e-07  7.3006e-07  5.2738e-07  3.7627e-07  2.6512e-07  1.7709e-07  1.0679e-07
    37  1.1693e-04  1.1636e-04  1.1388e-04  1.1073e-04  1.0723e-04  1.0326e-04  9.7887e-05  9.2454e-05  8.6162e-05  8.0008e-05  7.3697e-05  6.7743e-05  6.1335e-05  5.5386e-05  4.8999e-05  4.2840e-05  3.7555e-05  3.2207e-05  2.7630e-05  2.3391e-05  1.9578e-05  1.6248e-05  1.3270e-05  1.0744e-05  8.5732e-06  6.8631e-06  5.3770e-06  4.1925e-06  3.2435e-06  2.4861e-06  1.8655e-06  1.3904e-06  1.0380e-06  7.7027e-07  5.7043e-07  4.1528e-07  2.9895e-07  2.1107e-07  1.4319e-07  8.5979e-08
    38  7.8275e-05  7.8551e-05  7.6577e-05  7.4793e-05  7.2668e-05  6.9652e-05  6.6017e-05  6.2834e-05  5.8610e-05  5.4211e-05  5.0259e-05  4.6349e-05  4.2084e-05  3.7589e-05  3.3680e-05  2.9300e-05  2.5757e-05  2.2338e-05  1.9142e-05  1.6228e-05  1.3767e-05  1.1383e-05  9.3881e-06  7.5728e-06  6.1281e-06  4.8791e-06  3.8837e-06  3.0225e-06  2.3609e-06  1.8210e-06  1.3852e-06  1.0470e-06  7.8068e-07  5.8149e-07  4.3032e-07  3.1766e-07  2.2942e-07  1.6129e-07  1.0965e-07  6.6874e-08
    39  5.0898e-05  5.0890e-05  5.0248e-05  4.8795e-05  4.7336e-05  4.5332e-05  4.3341e-05  4.0935e-05  3.8458e-05  3.5780e-05  3.3145e-05  3.0540e-05  2.7569e-05  2.4705e-05  2.2113e-05  1.9604e-05  1.7087e-05  1.4850e-05  1.2733e-05  1.0867e-05  9.1885e-06  7.7328e-06  6.3647e-06  5.1710e-06  4.2024e-06  3.3764e-06  2.6878e-06  2.1117e-06  1.6357e-06  1.2797e-06  9.8011e-07  7.3924e-07  5.5640e-07  4.1780e-07  3.1116e-07  2.3049e-07  1.6704e-07  1.1797e-07  8.0351e-08  4.9008e-08
    40  3.0017e-05  2.9701e-05  2.9418e-05  2.8661e-05  2.7736e-05  2.6805e-05  2.5481e-05  2.4129e-05  2.2701e-05  2.1114e-05  1.9540e-05  1.7979e-05  1.6251e-05  1.4759e-05  1.3135e-05  1.1651e-05  1.0248e-05  8.8106e-06  7.6258e-06  6.5005e-06  5.4906e-06  4.6208e-06  3.8412e-06  3.1433e-06  2.5487e-06  2.0589e-06  1.6469e-06  1.3065e-06  1.0175e-06  7.9784e-07  6.1400e-07  4.6396e-07  3.5131e-07  2.6405e-07  1.9659e-07  1.4585e-07  1.0672e-07  7.5764e-08  5.1770e-08  3.1874e-08
