 iy/ix           1           2           3           4           5           6           7           8           9          10          11          12          13          14          15          16          17          18          19          20          21          22          23          24          25          26          27          28          29          30          31          32          33          34          35          36          37          38          39          40
     1  1.9931e-02  1.7540e-02  1.6718e-02  1.6251e-02  1.6140e-02  1.5826e-02  1.5505e-02  1.4816e-02  1.3779e-02  1.2045e-02  8.6250e-03  6.0232e-03  4.2836e-03  3.0480e-03  2.1473e-03  1.5155e-03  1.0673e-03  7.5770e-04  5.4048e-04  3.8982e-04  1.6503e-04  3.4857e-05  6.5597e-06  1.1895e-06  3.3657e-07  2.1666e-07  1.4514e-07  9.8834e-08  6.7167e-08  4.6067e-08  3.1818e-08  2.2049e-08  1.5210e-08  1.0468e-08  7.2753e-09  5.0215e-09  3.4576e-09  2.3563e-09  1.5529e-09  9.2602e-10
     2  1.7405e-02  1.5376e-02  1.4749e-02  1.4401e-02  1.4215e-02  1.3932e-02  1.3549e-02  1.3040e-02  1.2126e-02  1.0546e-02  7.6641e-03  5.3336e-03  3.7883e-03  2.7060e-03  1.9187e-03  1.3648e-03  9.6548e-04  6.8541e-04  4.8781e-04  3.5062e-04  1.4850e-04  3.0460e-05  5.7017e-06  1.0291e-06  2.9728e-07  1.9743e-07  1.3375e-07  9.1058e-08  6.2578e-08  4.3373e-08  2.9811e-08  2.0564e-08  1.4193e-08  9.8701e-09  6.8218e-09  4.6903e-09  3.2606e-09  2.2273e-09  1.4696e-09  8.7222e-10
     3  1.6694e-02  1.4673e-02  1.4224e-02  1.3942e-02  1.3750e-02  1.3552e-02  1.3173e-02  1.2687e-02  1.1793e-02  1.0208e-02  7.4085e-03  5.1130e-03  3.5886e-03  2.5569e-03  1.8096e-03  1.2847e-03  9.1171e-04  6.4190e-04  4.5949e-04  3.3366e-04  1.4167e-04  2.9153e-05  5.4724e-06  9.6860e-07  2.7301e-07  1.8122e-07  1.2363e-07  8.4938e-08  5.8114e-08  4.0482e-08  2.8038e-08  1.9478e-08  1.3508e-08  9.3966e-09  6.5446e-09  4.5142e-09  3.0999e-09  2.1306e-09  1.4019e-09  8.3894e-10
     4  1.6425e-02  1.4379e-02  1.3933e-02  1.3633e-02  1.3533e-02  1.3275e-02  1.2875e-02  1.2438e-02  1.1592e-02  1.0009e-02  7.2053e-03  4.9809e-03  3.4589e-03  2.4522e-03  1.7327e-03  1.2294e-03  8.6518e-04  6.1358e-04  4.3416e-04  3.1313e-04  1.3514e-04  2.8069e-05  5.1904e-06  9.3884e-07  2.5980e-07  1.6953e-07  1.1470e-07  7.9052e-08  5.4634e-08  3.7671e-08  2.6298e-08  1.8238e-08  1.2744e-08  8.9280e-09  6.1878e-09  4.2965e-09  2.9684e-09  2.0343e-09  1.3449e-09  8.0908e-10
     5  1.6119e-02  1.4164e-02  1.3715e-02  1.3436e-02  1.3266e-02  1.3070e-02  1.2786e-02  1.2187e-02  1.1385e-02  9.8787e-03  7.1200e-03  4.8397e-03  3.3736e-03  2.3802e-03  1.6737e-03  1.1700e-03  8.2453e-04  5.8205e-04  4.1159e-04  2.9710e-04  1.2863e-04  2.6596e-05  4.9537e-06  8.8695e-07  2.4572e-07  1.5864e-07  1.0739e-07  7.3945e-08  5.1404e-08  3.5539e-08  2.4677e-08  1.7280e-08  1.2088e-08  8.4277e-09  5.9276e-09  4.0619e-09  2.8276e-09  1.9353e-09  1.2964e-09  7.6983e-10
     6  1.5804e-02  1.3976e-02  1.3485e-02  1.3218e-02  1.2994e-02  1.2852e-02  1.2533e-02  1.1988e-02  1.1213e-02  9.7255e-03  6.9042e-03  4.7174e-03  3.2777e-03  2.2717e-03  1.5988e-03  1.1252e-03  7.8829e-04  5.5377e-04  3.9110e-04  2.8033e-04  1.2098e-04  2.5303e-05  4.6672e-06  8.3217e-07  2.3043e-07  1.4904e-07  1.0045e-07  6.9235e-08  4.7823e-08  3.3233e-08  2.3135e-08  1.6099e-08  1.1262e-08  7.8830e-09  5.5489e-09  3.8643e-09  2.6796e-09  1.8493e-09  1.2317e-09  7.4024e-10
     7  1.5366e-02  1.3570e-02  1.3154e-02  1.2941e-02  1.2685e-02  1.2529e-02  1.2193e-02  1.1627e-02  1.0866e-02  9.3941e-03  6.6536e-03  4.5102e-03  3.0966e-03  2.1568e-03  1.5174e-03  1.0553e-03  7.3446e-04  5.1722e-04  3.6554e-04  2.6568e-04  1.1374e-04  2.3522e-05  4.3967e-06  7.7828e-07  2.1562e-07  1.3882e-07  9.2950e-08  6.3992e-08  4.4316e-08  3.0944e-08  2.1568e-08  1.5045e-08  1.0546e-08  7.3918e-09  5.1950e-09  3.6747e-09  2.5401e-09  1.7536e-09  1.1764e-09  7.0999e-10
     8  1.4823e-02  1.2996e-02  1.2594e-02  1.2401e-02  1.2218e-02  1.2002e-02  1.1721e-02  1.1265e-02  1.0556e-02  9.0643e-03  6.3359e-03  4.2187e-03  2.9064e-03  2.0178e-03  1.4018e-03  9.7412e-04  6.8343e-04  4.8095e-04  3.3903e-04  2.4562e-04  1.0606e-04  2.2018e-05  4.0989e-06  7.2597e-07  1.9994e-07  1.2868e-07  8.6795e-08  5.9229e-08  4.0826e-08  2.8589e-08  1.9977e-08  1.4029e-08  9.8996e-09  6.9523e-09  4.8934e-09  3.4723e-09  2.4422e-09  1.6846e-09  1.1364e-09  6.9801e-10
     9  1.3800e-02  1.2167e-02  1.1816e-02  1.1610e-02  1.1450e-02  1.1243e-02  1.0937e-02  1.0500e-02  9.7959e-03  8.4761e-03  5.8547e-03  3.8728e-03  2.6546e-03  1.8315e-03  1.2684e-03  8.8627e-04  6.1786e-04  4.3383e-04  3.0725e-04  2.2326e-04  9.5938e-05  1.9806e-05  3.6845e-06  6.5290e-07  1.8056e-07  1.1747e-07  7.9163e-08  5.4042e-08  3.7681e-08  2.6409e-08  1.8515e-08  1.2942e-08  9.2159e-09  6.5360e-09  4.6594e-09  3.3291e-09  2.3591e-09  1.6470e-09  1.1140e-09  6.8050e-10
    10  1.2046e-02  1.0622e-02  1.0240e-02  1.0080e-02  9.9413e-03  9.7141e-03  9.3967e-03  9.0930e-03  8.4877e-03  7.3787e-03  5.0312e-03  3.3285e-03  2.2988e-03  1.6059e-03  1.1229e-03  7.9219e-04  5.5415e-04  3.9158e-04  2.7741e-04  1.9950e-04  8.5769e-05  1.7754e-05  3.2985e-06  5.8537e-07  1.6063e-07  1.0461e-07  7.1255e-08  4.9411e-08  3.4305e-08  2.4228e-08  1.7277e-08  1.2318e-08  8.7466e-09  6.2786e-09  4.5527e-09  3.2598e-09  2.3353e-09  1.6449e-09  1.1250e-09  6.8988e-10
    11  8.6957e-03  7.6428e-03  7.3943e-03  7.2315e-03  7.0986e-03  6.9367e-03  6.6646e-03  6.3155e-03  5.7908e-03  5.0138e-03  3.7779e-03  2.6861e-03  1.9058e-03  1.3361e-03  9.5594e-04  6.8105e-04  4.8129e-04  3.4294e-04  2.4424e-04  1.7821e-04  7.6129e-05  1.5600e-05  2.8974e-06  5.1261e-07  1.4411e-07  9.3913e-08  6.4328e-08  4.4837e-08  3.1372e-08  2.2438e-08  1.6150e-08  1.1772e-08  8.5859e-09  6.2337e-09  4.5602e-09  3.3315e-09  2.3928e-09  1.7043e-09  1.1749e-09  7.2611e-10
    12  6.0238e-03  5.3436e-03  5.1334e-03  4.9850e-03  4.8505e-03  4.7185e-03  4.5127e-03  4.2247e-03  3.8289e-03  3.3230e-03  2.6968e-03  2.0416e-03  1.5073e-03  1.0943e-03  7.8666e-04  5.7022e-04  4.1108e-04  2.9291e-04  2.0911e-04  1.5284e-04  6.5428e-05  1.3303e-05  2.4647e-06  4.4238e-07  1.2437e-07  8.2689e-08  5.7695e-08  4.0884e-08  2.9406e-08  2.1520e-08  1.5862e-08  1.1813e-08  8.7616e-09  6.5615e-09  4.8364e-09  3.5598e-09  2.5926e-09  1.8374e-09  1.2722e-09  7.8631e-10
    13  4.2661e-03  3.7783e-03  3.6251e-03  3.5033e-03  3.3903e-03  3.2725e-03  3.1037e-03  2.9077e-03  2.6263e-03  2.2882e-03  1.9153e-03  1.5109e-03  1.1503e-03  8.6313e-04  6.4080e-04  4.6891e-04  3.3758e-04  2.4520e-04  1.7849e-04  1.3114e-04  5.5822e-05  1.1218e-05  2.0622e-06  3.7154e-07  1.0671e-07  7.2055e-08  5.1569e-08  3.8320e-08  2.8732e-08  2.1697e-08  1.6671e-08  1.2674e-08  9.6472e-09  7.2470e-09  5.3581e-09  3.9890e-09  2.9049e-09  2.0694e-09  1.4306e-09  8.9012e-10
    14  3.0191e-03  2.6779e-03  2.5533e-03  2.4599e-03  2.3738e-03  2.2740e-03  2.1712e-03  2.0013e-03  1.8258e-03  1.6048e-03  1.3493e-03  1.1013e-03  8.5594e-04  6.6356e-04  4.9945e-04  3.7018e-04  2.7605e-04  2.0181e-04  1.4755e-04  1.0883e-04  4.6581e-05  9.3614e-06  1.7335e-06  3.0971e-07  9.1967e-08  6.4740e-08  4.9283e-08  3.8302e-08  3.0179e-08  2.3996e-08  1.8846e-08  1.4536e-08  1.1171e-08  8.4327e-09  6.2962e-09  4.6649e-09  3.3673e-09  2.3836e-09  1.6513e-09  1.0218e-09
    15  2.1397e-03  1.8970e-03  1.8070e-03  1.7341e-03  1.6625e-03  1.5920e-03  1.5097e-03  1.3994e-03  1.2719e-03  1.1212e-03  9.6235e-04  7.9383e-04  6.4003e-04  5.0370e-04  3.8565e-04  2.8968e-04  2.1885e-04  1.6349e-04  1.2024e-04  8.9741e-05  3.8027e-05  7.6209e-06  1.4225e-06  2.5604e-07  8.1408e-08  6.2891e-08  5.2121e-08  4.3656e-08  3.5791e-08  2.9301e-08  2.3056e-08  1.7884e-08  1.3574e-08  1.0173e-08  7.5625e-09  5.5330e-09  3.9956e-09  2.8155e-09  1.9402e-09  1.1792e-09
    16  1.5108e-03  1.3459e-03  1.2761e-03  1.2200e-03  1.1652e-03  1.1142e-03  1.0532e-03  9.7982e-04  8.9233e-04  7.8072e-04  6.8022e-04  5.6941e-04  4.7085e-04  3.7370e-04  2.9246e-04  2.2508e-04  1.7094e-04  1.2911e-04  9.6342e-05  7.2286e-05  3.0721e-05  6.1107e-06  1.1296e-06  2.0576e-07  7.9619e-08  7.0649e-08  6.4252e-08  5.6225e-08  4.7108e-08  3.7853e-08  2.9648e-08  2.2548e-08  1.6927e-08  1.2548e-08  9.2435e-09  6.6301e-09  4.7855e-09  3.3611e-09  2.2508e-09  1.3759e-09
    17  1.0653e-03  9.5437e-04  9.0254e-04  8.5911e-04  8.1781e-04  7.8631e-04  7.3375e-04  6.8245e-04  6.2305e-04  5.5275e-04  4.8176e-04  4.0721e-04  3.4145e-04  2.7634e-04  2.1908e-04  1.7113e-04  1.3271e-04  9.9484e-05  7.6125e-05  5.7423e-05  2.4190e-05  4.7974e-06  8.9270e-07  1.6687e-07  9.5348e-08  9.5622e-08  9.0427e-08  7.9152e-08  6.4987e-08  5.1194e-08  3.8862e-08  2.8864e-08  2.1324e-08  1.5560e-08  1.1164e-08  7.9962e-09  5.6672e-09  3.9630e-09  2.6400e-09  1.6023e-09
    18  7.4838e-04  6.7115e-04  6.3731e-04  6.0548e-04  5.7474e-04  5.4852e-04  5.1310e-04  4.7439e-04  4.3461e-04  3.8923e-04  3.4155e-04  2.9174e-04  2.4400e-04  2.0238e-04  1.6202e-04  1.2908e-04  1.0074e-04  7.7224e-05  5.8631e-05  4.4773e-05  1.8677e-05  3.6984e-06  6.9579e-07  1.4483e-07  1.3956e-07  1.4969e-07  1.3791e-07  1.1528e-07  9.1155e-08  6.9128e-08  5.0417e-08  3.6589e-08  2.6378e-08  1.8852e-08  1.3398e-08  9.5227e-09  6.6177e-09  4.5694e-09  3.0462e-09  1.8302e-09
    19  5.2504e-04  4.7274e-04  4.4799e-04  4.2618e-04  4.0626e-04  3.8421e-04  3.5890e-04  3.3276e-04  3.0525e-04  2.7594e-04  2.3905e-04  2.0835e-04  1.7535e-04  1.4639e-04  1.1933e-04  9.6148e-05  7.6073e-05  5.8671e-05  4.5168e-05  3.4816e-05  1.4456e-05  2.9025e-06  6.0546e-07  1.9422e-07  2.4880e-07  2.5661e-07  2.1814e-07  1.6905e-07  1.2499e-07  9.0088e-08  6.4870e-08  4.6003e-08  3.2502e-08  2.2742e-08  1.5756e-08  1.1049e-08  7.6194e-09  5.2121e-09  3.4188e-09  2.0535e-09
    20  3.6811e-04  3.3418e-04  3.1478e-04  3.0060e-04  2.8451e-04  2.6914e-04  2.5129e-04  2.3371e-04  2.1308e-04  1.9333e-04  1.7012e-04  1.4739e-04  1.2640e-04  1.0557e-04  8.7606e-05  7.0987e-05  5.6418e-05  4.4246e-05  3.4400e-05  2.6701e-05  1.1187e-05  2.8161e-06  1.1750e-06  6.5818e-07  5.6895e-07  4.6794e-07  3.3942e-07  2.3886e-07  1.6735e-07  1.1644e-07  8.0773e-08  5.5238e-08  3.8288e-08  2.6325e-08  1.8130e-08  1.2498e-08  8.5941e-09  5.7499e-09  3.8030e-09  2.2914e-09
    21  2.5764e-04  2.3471e-04  2.2312e-04  2.1134e-04  1.9956e-04  1.8870e-04  1.7551e-04  1.6463e-04  1.4952e-04  1.3563e-04  1.2118e-04  1.0542e-04  9.0088e-05  7.6279e-05  6.3982e-05  5.1895e-05  4.1772e-05  3.3457e-05  2.5602e-05  1.9555e-05  1.1782e-05  5.6648e-06  3.1043e-06  1.8515e-06  1.1141e-06  7.1270e-07  4.6364e-07  3.0672e-07  2.0598e-07  1.3933e-07  9.3360e-08  6.3509e-08  4.3558e-08  2.9492e-08  2.0107e-08  1.3766e-08  9.3498e-09  6.2669e-09  4.1188e-09  2.4542e-09
    22  1.8207e-04  1.6600e-04  1.5671e-04  1.4682e-04  1.4040e-04  1.3285e-04  1.2321e-04  1.1555e-04  1.0499e-04  9.5028e-05  8.4923e-05  7.5050e-05  6.4703e-05  5.5048e-05  4.6050e-05  3.8394e-05  3.0884e-05  2.4689e-05  1.9406e-05  1.4611e-05  1.0200e-05  6.2547e-06  3.6407e-06  2.1845e-06  1.3435e-06  8.4455e-07  5.3903e-07  3.5000e-07  2.3258e-07  1.5446e-07  1.0398e-07  7.0099e-08  4.7023e-08  3.1919e-08  2.1592e-08  1.4756e-08  9.9715e-09  6.7356e-09  4.3641e-09  2.5548e-09
    23  1.2707e-04  1.1616e-04  1.0969e-04  1.0350e-04  9.8664e-05  9.2603e-05  8.6176e-05  8.1113e-05  7.3885e-05  6.7306e-05  6.0380e-05  5.3431e-05  4.6138e-05  3.9449e-05  3.3322e-05  2.7798e-05  2.2790e-05  1.8149e-05  1.4428e-05  1.1082e-05  8.0950e-06  5.5276e-06  3.5359e-06  2.2114e-06  1.3956e-06  8.8863e-07  5.7511e-07  3.7702e-07  2.4629e-07  1.6477e-07  1.1043e-07  7.3788e-08  4.9986e-08  3.3809e-08  2.2932e-08  1.5488e-08  1.0511e-08  6.9463e-09  4.5115e-09  2.6651e-09
    24  8.9586e-05  8.1913e-05  7.7099e-05  7.2923e-05  6.9466e-05  6.4642e-05  6.0913e-05  5.6845e-05  5.2320e-05  4.7451e-05  4.2587e-05  3.7692e-05  3.2668e-05  2.8489e-05  2.4166e-05  2.0198e-05  1.6634e-05  1.3451e-05  1.0783e-05  8.3292e-06  6.2898e-06  4.5191e-06  3.0999e-06  2.0482e-06  1.3323e-06  8.7334e-07  5.7238e-07  3.7705e-07  2.5004e-07  1.6749e-07  1.1195e-07  7.4827e-08  5.0655e-08  3.4397e-08  2.3369e-08  1.5823e-08  1.0761e-08  7.1086e-09  4.6148e-09  2.7099e-09
    25  6.2007e-05  5.7484e-05  5.4362e-05  5.0944e-05  4.8594e-05  4.5669e-05  4.2941e-05  3.9678e-05  3.6960e-05  3.3294e-05  2.9791e-05  2.6584e-05  2.3469e-05  2.0383e-05  1.7443e-05  1.4666e-05  1.2230e-05  9.8931e-06  7.9751e-06  6.2920e-06  4.8326e-06  3.5795e-06  2.5506e-06  1.7727e-06  1.2001e-06  8.0315e-07  5.4030e-07  3.6144e-07  2.4122e-07  1.6250e-07  1.0917e-07  7.4096e-08  5.0195e-08  3.4132e-08  2.3168e-08  1.5709e-08  1.0564e-08  7.0507e-09  4.5822e-09  2.7115e-09
    26  4.3888e-05  4.0169e-05  3.8032e-05  3.6139e-05  3.4234e-05  3.2046e-05  3.0078e-05  2.8034e-05  2.5753e-05  2.3542e-05  2.1098e-05  1.8996e-05  1.6726e-05  1.4571e-05  1.2523e-05  1.0587e-05  8.8367e-06  7.2822e-06  5.8879e-06  4.7128e-06  3.6607e-06  2.7690e-06  2.0376e-06  1.4676e-06  1.0220e-06  7.0394e-07  4.8444e-07  3.3020e-07  2.2370e-07  1.5209e-07  1.0387e-07  7.0645e-08  4.8052e-08  3.2800e-08  2.2349e-08  1.5231e-08  1.0367e-08  6.8806e-09  4.4626e-09  2.6213e-09
    27  3.0885e-05  2.8214e-05  2.6616e-05  2.5341e-05  2.4089e-05  2.2577e-05  2.1186e-05  1.9603e-05  1.8156e-05  1.6601e-05  1.4908e-05  1.3385e-05  1.1874e-05  1.0338e-05  8.9910e-06  7.6678e-06  6.4071e-06  5.3112e-06  4.3310e-06  3.4762e-06  2.7439e-06  2.1162e-06  1.5809e-06  1.1717e-06  8.5131e-07  6.0004e-07  4.1622e-07  2.8896e-07  1.9867e-07  1.3640e-07  9.3523e-08  6.4619e-08  4.4475e-08  3.0577e-08  2.0893e-08  1.4271e-08  9.7987e-09  6.5810e-09  4.3099e-09  2.5328e-09
    28  2.1507e-05  1.9706e-05  1.8653e-05  1.7730e-05  1.6854e-05  1.5882e-05  1.4739e-05  1.3731e-05  1.2816e-05  1.1672e-05  1.0622e-05  9.4436e-06  8.3967e-06  7.4312e-06  6.4606e-06  5.5111e-06  4.6617e-06  3.8668e-06  3.1708e-06  2.5799e-06  2.0301e-06  1.6042e-06  1.2239e-06  9.2044e-07  6.7816e-07  4.9139e-07  3.4808e-07  2.4683e-07  1.7285e-07  1.2089e-07  8.3885e-08  5.8152e-08  4.0081e-08  2.7817e-08  1.9229e-08  1.3151e-08  8.9986e-09  6.0844e-09  3.9781e-09  2.3813e-09
    29  1.5004e-05  1.3753e-05  1.3069e-05  1.2464e-05  1.1829e-05  1.1121e-05  1.0379e-05  9.6528e-06  8.9998e-06  8.2127e-06  7.4832e-06  6.6996e-06  5.9665e-06  5.2814e-06  4.5828e-06  3.9503e-06  3.3565e-06  2.8076e-06  2.3183e-06  1.8938e-06  1.5361e-06  1.1958e-06  9.2981e-07  7.0891e-07  5.2981e-07  3.9407e-07  2.8761e-07  2.0573e-07  1.4697e-07  1.0434e-07  7.3490e-08  5.1278e-08  3.5723e-08  2.4873e-08  1.7284e-08  1.2026e-08  8.2721e-09  5.6419e-09  3.7127e-09  2.2048e-09
    30  1.0539e-05  9.6008e-06  9.1083e-06  8.6974e-06  8.2678e-06  7.7425e-06  7.2857e-06  6.7963e-06  6.3149e-06  5.7914e-06  5.2494e-06  4.7044e-06  4.2192e-06  3.7471e-06  3.2877e-06  2.8311e-06  2.4090e-06  2.0428e-06  1.7006e-06  1.3861e-06  1.1289e-06  9.0129e-07  7.0682e-07  5.4597e-07  4.1453e-07  3.0832e-07  2.2972e-07  1.6900e-07  1.2249e-07  8.8908e-08  6.2986e-08  4.4786e-08  3.1261e-08  2.1889e-08  1.5367e-08  1.0687e-08  7.4189e-09  5.0638e-09  3.3349e-09  1.9879e-09
    31  7.3402e-06  6.7724e-06  6.3726e-06  6.1234e-06  5.8128e-06  5.4756e-06  5.1224e-06  4.7651e-06  4.4461e-06  4.0340e-06  3.7000e-06  3.3112e-06  2.9716e-06  2.6650e-06  2.3598e-06  2.0463e-06  1.7410e-06  1.4689e-06  1.2353e-06  1.0177e-06  8.3199e-07  6.6451e-07  5.3335e-07  4.1388e-07  3.1798e-07  2.4342e-07  1.8169e-07  1.3435e-07  9.8779e-08  7.2040e-08  5.2510e-08  3.7717e-08  2.6892e-08  1.8950e-08  1.3360e-08  9.3632e-09  6.5690e-09  4.5096e-09  3.0112e-09  1.8019e-09
    32  5.1136e-06  4.7494e-06  4.4942e-06  4.2741e-06  4.0985e-06  3.8391e-06  3.5858e-06  3.3605e-06  3.1029e-06  2.8694e-06  2.6189e-06  2.3559e-06  2.1123e-06  1.8971e-06  1.6713e-06  1.4640e-06  1.2514e-06  1.0610e-06  8.9512e-07  7.4564e-07  6.1190e-07  4.9569e-07  3.9807e-07  3.1329e-07  2.4411e-07  1.8757e-07  1.4264e-07  1.0607e-07  7.9143e-08  5.8599e-08  4.2563e-08  3.1144e-08  2.2476e-08  1.6098e-08  1.1408e-08  8.1092e-09  5.6980e-09  3.9491e-09  2.6257e-09  1.5837e-09
    33  3.5805e-06  3.3431e-06  3.1516e-06  2.9862e-06  2.8629e-06  2.6904e-06  2.5167e-06  2.3497e-06  2.1789e-06  2.0093e-06  1.8415e-06  1.6748e-06  1.5073e-06  1.3405e-06  1.1862e-06  1.0440e-06  8.9838e-07  7.6632e-07  6.4795e-07  5.4458e-07  4.4680e-07  3.6355e-07  2.9465e-07  2.3532e-07  1.8406e-07  1.4439e-07  1.1015e-07  8.3213e-08  6.2607e-08  4.6956e-08  3.4622e-08  2.5303e-08  1.8515e-08  1.3400e-08  9.6510e-09  6.8945e-09  4.8797e-09  3.3776e-09  2.2717e-09  1.3813e-09
    34  2.5082e-06  2.3329e-06  2.2015e-06  2.0936e-06  1.9970e-06  1.8884e-06  1.7615e-06  1.6397e-06  1.5290e-06  1.4138e-06  1.3000e-06  1.1784e-06  1.0681e-06  9.4805e-07  8.4234e-07  7.4067e-07  6.4140e-07  5.5143e-07  4.6644e-07  3.9449e-07  3.2531e-07  2.6757e-07  2.1763e-07  1.7416e-07  1.3931e-07  1.0845e-07  8.4411e-08  6.4830e-08  4.8874e-08  3.6782e-08  2.7509e-08  2.0581e-08  1.5074e-08  1.0962e-08  7.9353e-09  5.7187e-09  4.1015e-09  2.8594e-09  1.9292e-09  1.1733e-09
    35  1.7429e-06  1.6297e-06  1.5462e-06  1.4679e-06  1.3987e-06  1.3170e-06  1.2323e-06  1.1573e-06  1.0690e-06  9.8895e-07  9.1529e-07  8.3278e-07  7.5367e-07  6.7584e-07  5.9678e-07  5.2322e-07  4.6012e-07  3.9532e-07  3.3685e-07  2.8344e-07  2.3767e-07  1.9687e-07  1.6017e-07  1.3014e-07  1.0360e-07  8.2289e-08  6.4499e-08  4.9866e-08  3.8173e-08  2.8927e-08  2.1754e-08  1.6330e-08  1.2068e-08  8.9145e-09  6.4905e-09  4.6795e-09  3.3662e-09  2.3821e-09  1.6136e-09  9.8351e-10
    36  1.2176e-06  1.1366e-06  1.0778e-06  1.0263e-06  9.7628e-07  9.1755e-07  8.6526e-07  8.0446e-07  7.5176e-07  6.9129e-07  6.4284e-07  5.8723e-07  5.2811e-07  4.7758e-07  4.2198e-07  3.7271e-07  3.2555e-07  2.8085e-07  2.4204e-07  2.0613e-07  1.7243e-07  1.4327e-07  1.1707e-07  9.6028e-08  7.7231e-08  6.1838e-08  4.8482e-08  3.7946e-08  2.9296e-08  2.2322e-08  1.6829e-08  1.2661e-08  9.4850e-09  7.0651e-09  5.2045e-09  3.8182e-09  2.7495e-09  1.9507e-09  1.3197e-09  8.0955e-10
    37  8.4424e-07  7.8895e-07  7.5084e-07  7.1310e-07  6.7508e-07  6.4295e-07  5.9968e-07  5.6340e-07  5.2207e-07  4.8168e-07  4.4641e-07  4.0945e-07  3.7205e-07  3.3458e-07  2.9862e-07  2.6189e-07  2.3115e-07  1.9993e-07  1.7193e-07  1.4696e-07  1.2343e-07  1.0320e-07  8.5196e-08  6.9798e-08  5.6382e-08  4.5518e-08  3.5922e-08  2.8262e-08  2.2157e-08  1.7116e-08  1.2964e-08  9.7513e-09  7.3391e-09  5.4993e-09  4.1050e-09  3.0021e-09  2.1931e-09  1.5617e-09  1.0732e-09  6.6018e-10
    38  5.7531e-07  5.3886e-07  5.1025e-07  4.8758e-07  4.6522e-07  4.3736e-07  4.1050e-07  3.8644e-07  3.5846e-07  3.3123e-07  3.0829e-07  2.8282e-07  2.5662e-07  2.2959e-07  2.0702e-07  1.8112e-07  1.5997e-07  1.4018e-07  1.2018e-07  1.0268e-07  8.7744e-08  7.2797e-08  6.0894e-08  4.9537e-08  4.0629e-08  3.2581e-08  2.6209e-08  2.0575e-08  1.6218e-08  1.2643e-08  9.6777e-09  7.3920e-09  5.5450e-09  4.1839e-09  3.1236e-09  2.3219e-09  1.6958e-09  1.2036e-09  8.3084e-10  5.1880e-10
    39  3.7766e-07  3.5327e-07  3.3892e-07  3.2250e-07  3.0740e-07  2.8944e-07  2.7443e-07  2.5759e-07  2.3940e-07  2.2211e-07  2.0572e-07  1.8967e-07  1.7127e-07  1.5351e-07  1.3734e-07  1.2326e-07  1.0781e-07  9.4614e-08  8.1423e-08  6.9607e-08  5.9338e-08  5.0375e-08  4.1824e-08  3.4347e-08  2.8204e-08  2.2838e-08  1.8434e-08  1.4518e-08  1.1359e-08  9.0267e-09  6.9732e-09  5.2980e-09  4.0111e-09  3.0478e-09  2.2817e-09  1.7096e-09  1.2541e-09  8.9177e-10  6.2198e-10  3.8882e-10
    40  2.2582e-07  2.0938e-07  2.0287e-07  1.9308e-07  1.8382e-07  1.7507e-07  1.6457e-07  1.5476e-07  1.4515e-07  1.3400e-07  1.2406e-07  1.1333e-07  1.0326e-07  9.3782e-08  8.3429e-08  7.4584e-08  6.6215e-08  5.7210e-08  4.9931e-08  4.2584e-08  3.6086e-08  3.0746e-08  2.5728e-08  2.1255e-08  1.7404e-08  1.4269e-08  1.1496e-08  9.2229e-09  7.2738e-09  5.7409e-09  4.4559e-09  3.4062e-09  2.6002e-09  1.9742e-09  1.4842e-09  1.1057e-09  8.1949e-10  5.9122e-10  4.1150e-10  2.6160e-10
