 iy/ix           1           2           3           4           5           6           7           8           9          10          11          12          13          14          15          16          17          18          19          20          21          22          23          24          25          26          27          28          29          30          31          32          33          34          35          36          37          38          39          40
     1  9.9484e-01  1.0000e+00  9.8351e-01  9.6728e-01  9.5736e-01  9.3418e-01  8.9897e-01  8.3965e-01  7.5489e-01  6.1577e-01  3.9534e-01  2.5939e-01  1.7702e-01  1.2133e-01  8.3003e-02  5.7254e-02  3.9334e-02  2.7419e-02  1.8944e-02  1.3163e-02  5.1035e-03  8.6735e-04  1.4482e-04  2.4666e-05  7.4593e-06  5.1304e-06  3.5640e-06  2.4765e-06  1.7212e-06  1.1849e-06  8.2029e-07  5.6813e-07  3.9403e-07  2.7260e-07  1.8894e-07  1.3142e-07  8.9811e-08  6.0848e-08  4.0080e-08  2.3754e-08
     2  9.9126e-01  9.8849e-01  9.8028e-01  9.6976e-01  9.5411e-01  9.3204e-01  8.9350e-01  8.3788e-01  7.5237e-01  6.1446e-01  3.9561e-01  2.5793e-01  1.7465e-01  1.1973e-01  8.2345e-02  5.6588e-02  3.9375e-02  2.7129e-02  1.8765e-02  1.3070e-02  5.0560e-03  8.6248e-04  1.4597e-04  2.4651e-05  7.3724e-06  5.1052e-06  3.5403e-06  2.4361e-06  1.6912e-06  1.1810e-06  8.1613e-07  5.6780e-07  3.9348e-07  2.7117e-07  1.8781e-07  1.2993e-07  8.9375e-08  6.0761e-08  3.9687e-08  2.3418e-08
     3  9.8658e-01  9.7748e-01  9.7187e-01  9.6455e-01  9.4957e-01  9.2717e-01  8.9042e-01  8.3507e-01  7.5261e-01  6.1176e-01  3.9392e-01  2.5435e-01  1.7142e-01  1.1726e-01  8.0725e-02  5.5963e-02  3.8540e-02  2.6565e-02  1.8338e-02  1.2745e-02  4.9724e-03  8.4252e-04  1.4310e-04  2.4103e-05  7.2699e-06  5.0121e-06  3.4710e-06  2.4035e-06  1.6680e-06  1.1579e-06  8.0053e-07  5.5798e-07  3.8961e-07  2.6950e-07  1.8662e-07  1.2935e-07  8.8681e-08  6.0006e-08  3.9282e-08  2.3029e-08
     4  9.7804e-01  9.6909e-01  9.6117e-01  9.4768e-01  9.4063e-01  9.1376e-01  8.7669e-01  8.2723e-01  7.4536e-01  6.0614e-01  3.8660e-01  2.5157e-01  1.6816e-01  1.1531e-01  7.9005e-02  5.4229e-02  3.7258e-02  2.5649e-02  1.7817e-02  1.2395e-02  4.8374e-03  8.2334e-04  1.3875e-04  2.3587e-05  7.0251e-06  4.8756e-06  3.3955e-06  2.3438e-06  1.6231e-06  1.1247e-06  7.7745e-07  5.4029e-07  3.7813e-07  2.6286e-07  1.8189e-07  1.2721e-07  8.7522e-08  5.9255e-08  3.8793e-08  2.2997e-08
     5  9.5714e-01  9.5364e-01  9.4615e-01  9.3228e-01  9.2081e-01  8.9847e-01  8.6892e-01  8.1231e-01  7.3295e-01  5.9873e-01  3.8070e-01  2.4553e-01  1.6413e-01  1.1165e-01  7.5775e-02  5.2130e-02  3.5736e-02  2.4730e-02  1.7114e-02  1.1856e-02  4.6186e-03  7.7941e-04  1.3293e-04  2.2288e-05  6.7188e-06  4.6893e-06  3.2583e-06  2.2583e-06  1.5653e-06  1.0881e-06  7.5583e-07  5.2394e-07  3.6681e-07  2.5578e-07  1.7890e-07  1.2390e-07  8.5693e-08  5.8558e-08  3.8574e-08  2.2803e-08
     6  9.3169e-01  9.3337e-01  9.2519e-01  9.1105e-01  8.9576e-01  8.7649e-01  8.4321e-01  7.9145e-01  7.1608e-01  5.8394e-01  3.6889e-01  2.3626e-01  1.5779e-01  1.0598e-01  7.2349e-02  4.9651e-02  3.3985e-02  2.3468e-02  1.6315e-02  1.1246e-02  4.3767e-03  7.4283e-04  1.2602e-04  2.1127e-05  6.3443e-06  4.4183e-06  3.0844e-06  2.1472e-06  1.4982e-06  1.0417e-06  7.2327e-07  5.0471e-07  3.5351e-07  2.4741e-07  1.7344e-07  1.2054e-07  8.3806e-08  5.7515e-08  3.7860e-08  2.2508e-08
     7  8.9371e-01  8.9073e-01  8.8810e-01  8.8034e-01  8.6130e-01  8.4375e-01  8.1313e-01  7.6222e-01  6.8619e-01  5.5912e-01  3.4988e-01  2.2320e-01  1.4796e-01  9.9690e-02  6.8028e-02  4.6464e-02  3.1786e-02  2.1818e-02  1.5209e-02  1.0582e-02  4.0967e-03  6.9227e-04  1.1639e-04  1.9542e-05  5.9320e-06  4.1577e-06  2.8962e-06  2.0230e-06  1.4072e-06  9.8708e-07  6.8763e-07  4.7951e-07  3.3974e-07  2.3903e-07  1.6750e-07  1.1790e-07  8.2066e-08  5.6510e-08  3.7518e-08  2.2306e-08
     8  8.4029e-01  8.3511e-01  8.3245e-01  8.2577e-01  8.1213e-01  7.9560e-01  7.6660e-01  7.2186e-01  6.5725e-01  5.3023e-01  3.2723e-01  2.0455e-01  1.3620e-01  9.1909e-02  6.2266e-02  4.2414e-02  2.9394e-02  2.0283e-02  1.3991e-02  9.7748e-03  3.8070e-03  6.3932e-04  1.0715e-04  1.7912e-05  5.4536e-06  3.8202e-06  2.6836e-06  1.8856e-06  1.3223e-06  9.2901e-07  6.5175e-07  4.6111e-07  3.2675e-07  2.3157e-07  1.6362e-07  1.1586e-07  8.1260e-08  5.5998e-08  3.7171e-08  2.2316e-08
     9  7.5505e-01  7.5449e-01  7.5151e-01  7.4550e-01  7.3498e-01  7.2061e-01  6.9187e-01  6.5101e-01  5.8844e-01  4.8184e-01  2.9251e-01  1.8259e-01  1.2106e-01  8.1455e-02  5.5461e-02  3.7922e-02  2.6146e-02  1.8162e-02  1.2627e-02  8.8122e-03  3.4155e-03  5.7734e-04  9.7016e-05  1.6359e-05  5.0130e-06  3.5110e-06  2.4803e-06  1.7463e-06  1.2277e-06  8.7211e-07  6.1974e-07  4.4320e-07  3.1596e-07  2.2510e-07  1.6068e-07  1.1497e-07  8.0944e-08  5.6233e-08  3.7444e-08  2.2360e-08
    10  6.1899e-01  6.1683e-01  6.1204e-01  6.1111e-01  6.0084e-01  5.8323e-01  5.5927e-01  5.2957e-01  4.7870e-01  3.9223e-01  2.3896e-01  1.5238e-01  1.0237e-01  6.9503e-02  4.7919e-02  3.3134e-02  2.2939e-02  1.6010e-02  1.1167e-02  7.7627e-03  3.0170e-03  5.1223e-04  8.6977e-05  1.4677e-05  4.5211e-06  3.1875e-06  2.2646e-06  1.6035e-06  1.1493e-06  8.2921e-07  5.9389e-07  4.2703e-07  3.0860e-07  2.2222e-07  1.6000e-07  1.1499e-07  8.1893e-08  5.7333e-08  3.8375e-08  2.2979e-08
    11  3.9697e-01  3.9440e-01  3.9315e-01  3.9052e-01  3.8099e-01  3.6954e-01  3.5090e-01  3.2428e-01  2.8833e-01  2.3809e-01  1.6999e-01  1.1812e-01  8.2346e-02  5.7423e-02  4.0255e-02  2.8160e-02  1.9711e-02  1.3864e-02  9.6968e-03  6.7800e-03  2.6421e-03  4.4798e-04  7.5705e-05  1.2852e-05  4.0644e-06  2.8947e-06  2.0681e-06  1.4885e-06  1.0801e-06  7.9358e-07  5.7556e-07  4.2211e-07  3.0988e-07  2.2627e-07  1.6478e-07  1.1872e-07  8.4678e-08  5.9373e-08  4.0099e-08  2.4165e-08
    12  2.5854e-01  2.5754e-01  2.5583e-01  2.5151e-01  2.4573e-01  2.3583e-01  2.2328e-01  2.0406e-01  1.8004e-01  1.5121e-01  1.1796e-01  8.7251e-02  6.3742e-02  4.5851e-02  3.2669e-02  2.3183e-02  1.6434e-02  1.1616e-02  8.2483e-03  5.7921e-03  2.2509e-03  3.7710e-04  6.4549e-05  1.1047e-05  3.5609e-06  2.5874e-06  1.9092e-06  1.4050e-06  1.0392e-06  7.7338e-07  5.7522e-07  4.2907e-07  3.1765e-07  2.3330e-07  1.7190e-07  1.2521e-07  8.9948e-08  6.3409e-08  4.2768e-08  2.5824e-08
    13  1.7534e-01  1.7373e-01  1.7220e-01  1.6848e-01  1.6371e-01  1.5743e-01  1.4825e-01  1.3535e-01  1.1931e-01  1.0173e-01  8.1703e-02  6.3172e-02  4.7620e-02  3.5418e-02  2.5934e-02  1.8761e-02  1.3405e-02  9.5764e-03  6.8693e-03  4.8779e-03  1.8827e-03  3.1538e-04  5.3641e-05  9.1928e-06  3.1264e-06  2.3538e-06  1.7766e-06  1.3600e-06  1.0407e-06  7.8892e-07  5.9772e-07  4.5075e-07  3.3895e-07  2.5202e-07  1.8600e-07  1.3555e-07  9.7613e-08  6.9010e-08  4.6697e-08  2.8360e-08
    14  1.1987e-01  1.1892e-01  1.1670e-01  1.1438e-01  1.1101e-01  1.0590e-01  9.9639e-02  9.1110e-02  8.1030e-02  6.9399e-02  5.7069e-02  4.5550e-02  3.4985e-02  2.6691e-02  1.9960e-02  1.4737e-02  1.0799e-02  7.8306e-03  5.6207e-03  4.0320e-03  1.5562e-03  2.6348e-04  4.4204e-05  7.7429e-06  2.8129e-06  2.1917e-06  1.7392e-06  1.3757e-06  1.0812e-06  8.4762e-07  6.5220e-07  4.9726e-07  3.7385e-07  2.8084e-07  2.0778e-07  1.5242e-07  1.0925e-07  7.7130e-08  5.2146e-08  3.1346e-08
    15  8.1950e-02  8.1624e-02  8.0127e-02  7.8309e-02  7.5646e-02  7.2394e-02  6.7429e-02  6.2320e-02  5.5361e-02  4.7784e-02  4.0043e-02  3.2513e-02  2.5814e-02  2.0013e-02  1.5141e-02  1.1355e-02  8.5293e-03  6.2807e-03  4.5500e-03  3.2640e-03  1.2573e-03  2.1088e-04  3.5752e-05  6.3965e-06  2.6270e-06  2.2004e-06  1.8265e-06  1.5103e-06  1.2251e-06  9.7099e-07  7.5378e-07  5.7704e-07  4.3350e-07  3.2419e-07  2.3808e-07  1.7323e-07  1.2507e-07  8.6947e-08  5.8241e-08  3.4944e-08
    16  5.6682e-02  5.6302e-02  5.5236e-02  5.3573e-02  5.1978e-02  4.9404e-02  4.6422e-02  4.2365e-02  3.8233e-02  3.3189e-02  2.8013e-02  2.3151e-02  1.8817e-02  1.4690e-02  1.1411e-02  8.6597e-03  6.5313e-03  4.9024e-03  3.6034e-03  2.6171e-03  9.9956e-04  1.6560e-04  2.8449e-05  5.2077e-06  2.6561e-06  2.4124e-06  2.1483e-06  1.8264e-06  1.4904e-06  1.1767e-06  9.1511e-07  6.9163e-07  5.1748e-07  3.8077e-07  2.7769e-07  2.0133e-07  1.4223e-07  9.9064e-08  6.6026e-08  3.9442e-08
    17  3.9192e-02  3.8646e-02  3.7966e-02  3.7009e-02  3.5738e-02  3.4042e-02  3.1810e-02  2.9126e-02  2.6288e-02  2.2961e-02  1.9616e-02  1.6331e-02  1.3403e-02  1.0765e-02  8.4490e-03  6.5249e-03  4.9968e-03  3.7717e-03  2.7990e-03  2.0504e-03  7.8822e-04  1.3132e-04  2.2378e-05  4.4164e-06  3.0406e-06  3.0511e-06  2.8109e-06  2.3878e-06  1.9324e-06  1.5079e-06  1.1416e-06  8.4924e-07  6.2709e-07  4.5796e-07  3.2719e-07  2.3383e-07  1.6479e-07  1.1451e-07  7.5472e-08  4.4712e-08
    18  2.7083e-02  2.6594e-02  2.6071e-02  2.5615e-02  2.4668e-02  2.3325e-02  2.1831e-02  1.9988e-02  1.8131e-02  1.5991e-02  1.3802e-02  1.1563e-02  9.5993e-03  7.8582e-03  6.2502e-03  4.9174e-03  3.7946e-03  2.8818e-03  2.1651e-03  1.5836e-03  6.0641e-04  1.0147e-04  1.8005e-05  4.2399e-06  4.1776e-06  4.4365e-06  4.0182e-06  3.3512e-06  2.6097e-06  1.9606e-06  1.4464e-06  1.0590e-06  7.6423e-07  5.4535e-07  3.8395e-07  2.7111e-07  1.8948e-07  1.2982e-07  8.5220e-08  5.0493e-08
    19  1.8559e-02  1.8401e-02  1.8003e-02  1.7610e-02  1.6981e-02  1.6052e-02  1.5038e-02  1.3833e-02  1.2526e-02  1.1174e-02  9.6318e-03  8.2316e-03  6.8857e-03  5.6341e-03  4.5666e-03  3.6357e-03  2.8517e-03  2.1932e-03  1.6560e-03  1.2212e-03  4.6514e-04  8.0868e-05  1.6983e-05  5.9121e-06  7.1093e-06  7.3113e-06  6.1978e-06  4.7873e-06  3.5279e-06  2.5873e-06  1.8295e-06  1.3025e-06  9.1809e-07  6.4480e-07  4.5033e-07  3.1212e-07  2.1536e-07  1.4548e-07  9.6108e-08  5.6743e-08
    20  1.2831e-02  1.2696e-02  1.2462e-02  1.2129e-02  1.1727e-02  1.1110e-02  1.0392e-02  9.5517e-03  8.6691e-03  7.7413e-03  6.7749e-03  5.8026e-03  4.9185e-03  4.0541e-03  3.3167e-03  2.6846e-03  2.1145e-03  1.6306e-03  1.2479e-03  9.1724e-04  3.6284e-04  8.8705e-05  3.4994e-05  1.8914e-05  1.5923e-05  1.3095e-05  9.5279e-06  6.7627e-06  4.7343e-06  3.2793e-06  2.2749e-06  1.5803e-06  1.0853e-06  7.4687e-07  5.1439e-07  3.5321e-07  2.4042e-07  1.6288e-07  1.0554e-07  6.2117e-08
    21  8.8745e-03  8.8159e-03  8.6388e-03  8.4064e-03  8.0449e-03  7.6654e-03  7.1520e-03  6.6020e-03  5.9902e-03  5.4041e-03  4.7608e-03  4.0903e-03  3.4630e-03  2.9112e-03  2.3947e-03  1.9406e-03  1.5600e-03  1.2121e-03  9.3293e-04  6.7691e-04  3.8112e-04  1.7650e-04  9.3983e-05  5.4346e-05  3.2375e-05  2.0432e-05  1.3267e-05  8.7972e-06  5.8474e-06  3.9211e-06  2.6611e-06  1.8053e-06  1.2317e-06  8.3886e-07  5.7073e-07  3.8809e-07  2.6308e-07  1.7749e-07  1.1422e-07  6.7267e-08
    22  6.1869e-03  6.1236e-03  5.9917e-03  5.7918e-03  5.5553e-03  5.3551e-03  4.9482e-03  4.6023e-03  4.1669e-03  3.7374e-03  3.3243e-03  2.8937e-03  2.4737e-03  2.0868e-03  1.7330e-03  1.4211e-03  1.1395e-03  8.9893e-04  6.9150e-04  5.0784e-04  3.3861e-04  2.0078e-04  1.1397e-04  6.5921e-05  4.0080e-05  2.4914e-05  1.5866e-05  1.0301e-05  6.7721e-06  4.5033e-06  3.0023e-06  2.0045e-06  1.3551e-06  9.1773e-07  6.2808e-07  4.2490e-07  2.8686e-07  1.9198e-07  1.2406e-07  7.1747e-08
    23  4.2572e-03  4.2008e-03  4.1403e-03  4.0265e-03  3.8472e-03  3.6505e-03  3.4313e-03  3.1929e-03  2.9080e-03  2.6271e-03  2.3363e-03  2.0425e-03  1.7566e-03  1.4798e-03  1.2365e-03  1.0310e-03  8.3325e-04  6.6255e-04  5.1041e-04  3.8196e-04  2.7183e-04  1.7946e-04  1.1186e-04  6.9599e-05  4.3201e-05  2.6971e-05  1.7278e-05  1.1147e-05  7.3287e-06  4.8388e-06  3.2307e-06  2.1612e-06  1.4541e-06  9.7686e-07  6.5947e-07  4.4899e-07  3.0147e-07  2.0047e-07  1.2909e-07  7.4733e-08
    24  2.9369e-03  2.9038e-03  2.8693e-03  2.7774e-03  2.6693e-03  2.5129e-03  2.3703e-03  2.2130e-03  2.0307e-03  1.8317e-03  1.6328e-03  1.4298e-03  1.2450e-03  1.0572e-03  8.9425e-04  7.3958e-04  6.0112e-04  4.8432e-04  3.8088e-04  2.8821e-04  2.0966e-04  1.4796e-04  9.8739e-05  6.4350e-05  4.1523e-05  2.6869e-05  1.7478e-05  1.1392e-05  7.5252e-06  4.9736e-06  3.3055e-06  2.2000e-06  1.4878e-06  1.0008e-06  6.7850e-07  4.5873e-07  3.0693e-07  2.0376e-07  1.3143e-07  7.6066e-08
    25  2.0228e-03  2.0185e-03  1.9800e-03  1.9147e-03  1.8490e-03  1.7526e-03  1.6551e-03  1.5379e-03  1.4190e-03  1.2764e-03  1.1470e-03  1.0102e-03  8.8016e-04  7.5726e-04  6.3810e-04  5.3366e-04  4.3623e-04  3.5191e-04  2.8086e-04  2.1561e-04  1.6218e-04  1.1760e-04  8.2080e-05  5.6012e-05  3.7464e-05  2.4956e-05  1.6577e-05  1.0995e-05  7.2981e-06  4.8527e-06  3.2507e-06  2.1874e-06  1.4617e-06  9.9188e-07  6.6987e-07  4.5284e-07  3.0623e-07  2.0354e-07  1.3114e-07  7.5625e-08
    26  1.4047e-03  1.3946e-03  1.3667e-03  1.3296e-03  1.2815e-03  1.2146e-03  1.1506e-03  1.0705e-03  9.8357e-04  8.9114e-04  8.0070e-04  7.1218e-04  6.2431e-04  5.3693e-04  4.5800e-04  3.8530e-04  3.1612e-04  2.5833e-04  2.0523e-04  1.6116e-04  1.2245e-04  9.1246e-05  6.5539e-05  4.6296e-05  3.2011e-05  2.1896e-05  1.4900e-05  1.0079e-05  6.7673e-06  4.5597e-06  3.0650e-06  2.0836e-06  1.4215e-06  9.6767e-07  6.5617e-07  4.4213e-07  2.9871e-07  1.9740e-07  1.2774e-07  7.4751e-08
    27  9.7426e-04  9.6783e-04  9.4665e-04  9.2045e-04  8.8318e-04  8.4379e-04  7.9966e-04  7.4358e-04  6.8708e-04  6.2349e-04  5.6048e-04  4.9755e-04  4.3777e-04  3.8017e-04  3.2719e-04  2.7319e-04  2.2690e-04  1.8803e-04  1.5084e-04  1.1973e-04  9.1800e-05  6.9547e-05  5.1848e-05  3.7406e-05  2.6424e-05  1.8543e-05  1.2818e-05  8.8783e-06  6.0700e-06  4.1607e-06  2.8252e-06  1.9252e-06  1.3171e-06  9.0138e-07  6.1549e-07  4.1764e-07  2.8255e-07  1.8858e-07  1.2248e-07  7.1143e-08
    28  6.7603e-04  6.7437e-04  6.5801e-04  6.3720e-04  6.1259e-04  5.8522e-04  5.5035e-04  5.1613e-04  4.7790e-04  4.3535e-04  3.9310e-04  3.5038e-04  3.1107e-04  2.7052e-04  2.3233e-04  1.9565e-04  1.6375e-04  1.3514e-04  1.0952e-04  8.8255e-05  6.8859e-05  5.2940e-05  3.9740e-05  2.9502e-05  2.1383e-05  1.5243e-05  1.0747e-05  7.5607e-06  5.3042e-06  3.6799e-06  2.5315e-06  1.7361e-06  1.2015e-06  8.2301e-07  5.6761e-07  3.8885e-07  2.6410e-07  1.7715e-07  1.1461e-07  6.7386e-08
    29  4.7044e-04  4.6522e-04  4.5607e-04  4.4184e-04  4.2422e-04  4.0462e-04  3.8038e-04  3.5831e-04  3.3112e-04  3.0393e-04  2.7526e-04  2.4692e-04  2.1859e-04  1.9146e-04  1.6578e-04  1.4008e-04  1.1798e-04  9.7877e-05  7.9733e-05  6.4515e-05  5.1265e-05  3.9912e-05  3.0425e-05  2.2822e-05  1.6904e-05  1.2302e-05  8.8771e-06  6.3594e-06  4.4923e-06  3.1479e-06  2.2037e-06  1.5397e-06  1.0716e-06  7.4263e-07  5.1382e-07  3.5355e-07  2.4170e-07  1.6155e-07  1.0496e-07  6.1609e-08
    30  3.2527e-04  3.2040e-04  3.1423e-04  3.0527e-04  2.9414e-04  2.8096e-04  2.6504e-04  2.4860e-04  2.3074e-04  2.1253e-04  1.9280e-04  1.7324e-04  1.5410e-04  1.3597e-04  1.1750e-04  1.0029e-04  8.4504e-05  7.0983e-05  5.8199e-05  4.7187e-05  3.7859e-05  2.9834e-05  2.3220e-05  1.7586e-05  1.3188e-05  9.7573e-06  7.1844e-06  5.1889e-06  3.7271e-06  2.6449e-06  1.8630e-06  1.3216e-06  9.2893e-07  6.5400e-07  4.5462e-07  3.1524e-07  2.1714e-07  1.4628e-07  9.6377e-08  5.6274e-08
    31  2.2436e-04  2.2194e-04  2.1696e-04  2.1133e-04  2.0465e-04  1.9524e-04  1.8377e-04  1.7418e-04  1.6052e-04  1.4768e-04  1.3472e-04  1.2176e-04  1.0829e-04  9.5755e-05  8.3300e-05  7.1424e-05  6.0435e-05  5.0843e-05  4.2237e-05  3.4406e-05  2.7764e-05  2.2191e-05  1.7421e-05  1.3509e-05  1.0257e-05  7.7264e-06  5.7187e-06  4.1730e-06  3.0306e-06  2.1894e-06  1.5695e-06  1.1154e-06  7.9224e-07  5.6226e-07  3.9400e-07  2.7529e-07  1.9101e-07  1.3023e-07  8.4775e-08  5.0428e-08
    32  1.5490e-04  1.5367e-04  1.5094e-04  1.4655e-04  1.4166e-04  1.3535e-04  1.2812e-04  1.2105e-04  1.1173e-04  1.0360e-04  9.5033e-05  8.5183e-05  7.5893e-05  6.7334e-05  5.9011e-05  5.1143e-05  4.3331e-05  3.6541e-05  3.0466e-05  2.5110e-05  2.0314e-05  1.6374e-05  1.2892e-05  1.0185e-05  7.8166e-06  5.9686e-06  4.4800e-06  3.3143e-06  2.4449e-06  1.7965e-06  1.2933e-06  9.2096e-07  6.5761e-07  4.6994e-07  3.3549e-07  2.3519e-07  1.6352e-07  1.1271e-07  7.4284e-08  4.4180e-08
    33  1.0817e-04  1.0651e-04  1.0418e-04  1.0131e-04  9.8141e-05  9.4173e-05  8.9383e-05  8.4384e-05  7.8237e-05  7.2366e-05  6.6399e-05  5.9761e-05  5.3732e-05  4.7788e-05  4.1785e-05  3.6340e-05  3.0926e-05  2.6084e-05  2.1976e-05  1.8270e-05  1.4895e-05  1.2002e-05  9.6608e-06  7.6129e-06  5.9270e-06  4.5580e-06  3.4517e-06  2.5860e-06  1.9448e-06  1.4415e-06  1.0475e-06  7.5964e-07  5.4610e-07  3.9318e-07  2.7759e-07  1.9840e-07  1.3913e-07  9.6101e-08  6.3723e-08  3.8064e-08
    34  7.4834e-05  7.3945e-05  7.2529e-05  7.0080e-05  6.8015e-05  6.4983e-05  6.1762e-05  5.8203e-05  5.4574e-05  5.0363e-05  4.6317e-05  4.1938e-05  3.7601e-05  3.3592e-05  2.9433e-05  2.5661e-05  2.2180e-05  1.8753e-05  1.5867e-05  1.3254e-05  1.0852e-05  8.8354e-06  7.1663e-06  5.6451e-06  4.4601e-06  3.4625e-06  2.6337e-06  1.9950e-06  1.5173e-06  1.1353e-06  8.3630e-07  6.1130e-07  4.4189e-07  3.2086e-07  2.3093e-07  1.6557e-07  1.1756e-07  8.0861e-08  5.4376e-08  3.2396e-08
    35  5.1903e-05  5.1029e-05  4.9858e-05  4.8378e-05  4.6957e-05  4.4925e-05  4.2785e-05  4.0374e-05  3.7859e-05  3.5112e-05  3.2241e-05  2.9565e-05  2.6372e-05  2.3610e-05  2.0808e-05  1.8174e-05  1.5669e-05  1.3505e-05  1.1446e-05  9.5298e-06  7.9119e-06  6.4047e-06  5.2183e-06  4.1899e-06  3.3032e-06  2.5905e-06  2.0058e-06  1.5395e-06  1.1733e-06  8.8021e-07  6.5571e-07  4.8484e-07  3.5650e-07  2.5922e-07  1.8861e-07  1.3578e-07  9.6206e-08  6.7420e-08  4.4961e-08  2.6999e-08
    36  3.5376e-05  3.5213e-05  3.4297e-05  3.3419e-05  3.2409e-05  3.1118e-05  2.9766e-05  2.7988e-05  2.6261e-05  2.4296e-05  2.2455e-05  2.0619e-05  1.8437e-05  1.6575e-05  1.4633e-05  1.2777e-05  1.1060e-05  9.5111e-06  8.1232e-06  6.8212e-06  5.6616e-06  4.6548e-06  3.7882e-06  3.0643e-06  2.4432e-06  1.9239e-06  1.5067e-06  1.1705e-06  8.9629e-07  6.7730e-07  5.0981e-07  3.7739e-07  2.7972e-07  2.0638e-07  1.5093e-07  1.0966e-07  7.8571e-08  5.4949e-08  3.6801e-08  2.2195e-08
    37  2.4139e-05  2.4080e-05  2.3550e-05  2.3014e-05  2.2337e-05  2.1388e-05  2.0456e-05  1.9253e-05  1.8029e-05  1.6770e-05  1.5470e-05  1.4136e-05  1.2942e-05  1.1519e-05  1.0267e-05  8.9627e-06  7.7755e-06  6.6950e-06  5.7112e-06  4.8193e-06  4.0152e-06  3.3537e-06  2.7324e-06  2.2200e-06  1.7792e-06  1.4182e-06  1.1166e-06  8.6931e-07  6.7253e-07  5.1373e-07  3.8615e-07  2.8969e-07  2.1754e-07  1.6027e-07  1.1868e-07  8.6082e-08  6.2241e-08  4.3800e-08  2.9675e-08  1.7902e-08
    38  1.6229e-05  1.6242e-05  1.5852e-05  1.5588e-05  1.5048e-05  1.4432e-05  1.3834e-05  1.3047e-05  1.2287e-05  1.1398e-05  1.0586e-05  9.6118e-06  8.7775e-06  7.8518e-06  7.0083e-06  6.1461e-06  5.3987e-06  4.6550e-06  3.9649e-06  3.3649e-06  2.8089e-06  2.3243e-06  1.9314e-06  1.5744e-06  1.2723e-06  1.0150e-06  8.0594e-07  6.3086e-07  4.8804e-07  3.7662e-07  2.8798e-07  2.1802e-07  1.6201e-07  1.2202e-07  8.9687e-08  6.6145e-08  4.7695e-08  3.3616e-08  2.2850e-08  1.3924e-08
    39  1.0611e-05  1.0538e-05  1.0375e-05  1.0113e-05  9.8890e-06  9.4239e-06  9.0296e-06  8.5569e-06  8.0545e-06  7.4748e-06  6.9324e-06  6.3648e-06  5.7742e-06  5.1740e-06  4.6227e-06  4.1090e-06  3.5628e-06  3.0839e-06  2.6463e-06  2.2517e-06  1.8989e-06  1.5802e-06  1.3063e-06  1.0692e-06  8.6908e-07  6.9850e-07  5.5901e-07  4.3863e-07  3.4069e-07  2.6417e-07  2.0263e-07  1.5427e-07  1.1642e-07  8.7273e-08  6.4827e-08  4.7914e-08  3.4662e-08  2.4558e-08  1.6794e-08  1.0251e-08
    40  6.2278e-06  6.1934e-06  6.1226e-06  5.9435e-06  5.8043e-06  5.5733e-06  5.3421e-06  5.0717e-06  4.7044e-06  4.3820e-06  4.0814e-06  3.7924e-06  3.4180e-06  3.0649e-06  2.7351e-06  2.4279e-06  2.1533e-06  1.8470e-06  1.5782e-06  1.3485e-06  1.1407e-06  9.6409e-07  7.8643e-07  6.4844e-07  5.2458e-07  4.2728e-07  3.3986e-07  2.7156e-07  2.1095e-07  1.6389e-07  1.2586e-07  9.6475e-08  7.3455e-08  5.4886e-08  4.0950e-08  3.0292e-08  2.2159e-08  1.5805e-08  1.0848e-08  6.7393e-09
