
       it              1           2
       t      4.9995e-01  1.5000e+00
integral phi  1.0350e+00  1.1431e+00
integral n    5.4370e+00  1.3919e+03
integral n_t  5.4370e+00  1.3919e+03
Max Rel Err   1.2923e-01  1.8593e-01
Err Inf Norm  8.7934e-02  9.1283e-02
Err L1 Norm   4.1258e-02  6.8509e-02
Err L2 Norm   4.6024e-02  5.5743e-02
Err 2 Norm    1.0291e-01  1.2464e-01
Rel Err Inf   4.6975e-02  1.4923e-01
Rel Err L1    3.9229e-02  5.8941e-02
Rel Err L2    4.2748e-02  7.6340e-02
Rel Err 2     4.2748e-02  7.6340e-02
Stat Err      3.5332e-02  8.1565e-02

phi
         ix              1           2           3           4           5           6           7           8           9          10          11          12          13          14          15          16          17          18          19          20          21          22          23          24          25          26          27          28          29          30          31          32          33          34          35          36          37          38          39          40          41          42          43          44          45          46          47          48          49          50          51          52          53          54          55          56          57          58          59          60          61          62          63          64          65          66          67          68          69          70          71          72          73          74          75          76          77          78          79          80          81          82          83          84          85          86          87          88          89          90          91          92          93          94          95          96          97          98          99         100         101         102         103         104         105         106         107         108         109         110         111         112         113         114         115         116         117         118         119         120         121         122         123         124         125         126         127         128         129         130         131         132         133         134         135         136         137         138         139         140         141         142         143         144         145         146         147         148         149         150         151         152         153         154         155         156         157         158         159         160         161         162         163         164         165         166         167         168         169         170         171         172         173         174         175         176         177         178         179         180         181         182         183         184         185         186         187         188         189         190         191         192         193         194         195         196         197         198         199         200         201
   it   t/x         -20.00      -19.80      -19.60      -19.40      -19.20      -19.00      -18.80      -18.60      -18.40      -18.20      -18.00      -17.80      -17.60      -17.40      -17.20      -17.00      -16.80      -16.60      -16.40      -16.20      -16.00      -15.80      -15.60      -15.40      -15.20      -15.00      -14.80      -14.60      -14.40      -14.20      -14.00      -13.80      -13.60      -13.40      -13.20      -13.00      -12.80      -12.60      -12.40      -12.20      -12.00      -11.80      -11.60      -11.40      -11.20      -11.00      -10.80      -10.60      -10.40      -10.20      -10.00       -9.80       -9.60       -9.40       -9.20       -9.00       -8.80       -8.60       -8.40       -8.20       -8.00       -7.80       -7.60       -7.40       -7.20       -7.00       -6.80       -6.60       -6.40       -6.20       -6.00       -5.80       -5.60       -5.40       -5.20       -5.00       -4.80       -4.60       -4.40       -4.20       -4.00       -3.80       -3.60       -3.40       -3.20       -3.00       -2.80       -2.60       -2.40       -2.20       -2.00       -1.80       -1.60       -1.40       -1.20       -1.00       -0.80       -0.60       -0.40       -0.20        0.00        0.20        0.40        0.60        0.80        1.00        1.20        1.40        1.60        1.80        2.00        2.20        2.40        2.60        2.80        3.00        3.20        3.40        3.60        3.80        4.00        4.20        4.40        4.60        4.80        5.00        5.20        5.40        5.60        5.80        6.00        6.20        6.40        6.60        6.80        7.00        7.20        7.40        7.60        7.80        8.00        8.20        8.40        8.60        8.80        9.00        9.20        9.40        9.60        9.80       10.00       10.20       10.40       10.60       10.80       11.00       11.20       11.40       11.60       11.80       12.00       12.20       12.40       12.60       12.80       13.00       13.20       13.40       13.60       13.80       14.00       14.20       14.40       14.60       14.80       15.00       15.20       15.40       15.60       15.80       16.00       16.20       16.40       16.60       16.80       17.00       17.20       17.40       17.60       17.80       18.00       18.20       18.40       18.60       18.80       19.00       19.20       19.40       19.60       19.80       20.00
     1    0.50  0.0000e+00  0.0000e+00  0.0000e+00  0.0000e+00  0.0000e+00  0.0000e+00  0.0000e+00  0.0000e+00  0.0000e+00  0.0000e+00  0.0000e+00  0.0000e+00  0.0000e+00  0.0000e+00  0.0000e+00  0.0000e+00  0.0000e+00  0.0000e+00  0.0000e+00  0.0000e+00  0.0000e+00  0.0000e+00  0.0000e+00  0.0000e+00  0.0000e+00  0.0000e+00  0.0000e+00  0.0000e+00  0.0000e+00  0.0000e+00  0.0000e+00  0.0000e+00  0.0000e+00  0.0000e+00  0.0000e+00  0.0000e+00  0.0000e+00  0.0000e+00  0.0000e+00  0.0000e+00  0.0000e+00  0.0000e+00  0.0000e+00  0.0000e+00  0.0000e+00  0.0000e+00  0.0000e+00  0.0000e+00  0.0000e+00  0.0000e+00  0.0000e+00  0.0000e+00  0.0000e+00  0.0000e+00  0.0000e+00  0.0000e+00  0.0000e+00  0.0000e+00  0.0000e+00  0.0000e+00  0.0000e+00  0.0000e+00  0.0000e+00  0.0000e+00  0.0000e+00  0.0000e+00  0.0000e+00  0.0000e+00  0.0000e+00  0.0000e+00  0.0000e+00  0.0000e+00  0.0000e+00  0.0000e+00  0.0000e+00  0.0000e+00  0.0000e+00  0.0000e+00  0.0000e+00  0.0000e+00  0.0000e+00  0.0000e+00  0.0000e+00  0.0000e+00  0.0000e+00  0.0000e+00  0.0000e+00  0.0000e+00  0.0000e+00  0.0000e+00  0.0000e+00  0.0000e+00  0.0000e+00  0.0000e+00  0.0000e+00  5.7301e-03  7.4729e-02  2.1863e-01  4.5551e-01  8.4847e-01  1.8361e+00  9.2760e-01  4.9090e-01  2.4058e-01  7.0695e-02  6.1806e-03  0.0000e+00  0.0000e+00  0.0000e+00  0.0000e+00  0.0000e+00  0.0000e+00  0.0000e+00  0.0000e+00  0.0000e+00  0.0000e+00  0.0000e+00  0.0000e+00  0.0000e+00  0.0000e+00  0.0000e+00  0.0000e+00  0.0000e+00  0.0000e+00  0.0000e+00  0.0000e+00  0.0000e+00  0.0000e+00  0.0000e+00  0.0000e+00  0.0000e+00  0.0000e+00  0.0000e+00  0.0000e+00  0.0000e+00  0.0000e+00  0.0000e+00  0.0000e+00  0.0000e+00  0.0000e+00  0.0000e+00  0.0000e+00  0.0000e+00  0.0000e+00  0.0000e+00  0.0000e+00  0.0000e+00  0.0000e+00  0.0000e+00  0.0000e+00  0.0000e+00  0.0000e+00  0.0000e+00  0.0000e+00  0.0000e+00  0.0000e+00  0.0000e+00  0.0000e+00  0.0000e+00  0.0000e+00  0.0000e+00  0.0000e+00  0.0000e+00  0.0000e+00  0.0000e+00  0.0000e+00  0.0000e+00  0.0000e+00  0.0000e+00  0.0000e+00  0.0000e+00  0.0000e+00  0.0000e+00  0.0000e+00  0.0000e+00  0.0000e+00  0.0000e+00  0.0000e+00  0.0000e+00  0.0000e+00  0.0000e+00  0.0000e+00  0.0000e+00  0.0000e+00  0.0000e+00  0.0000e+00  0.0000e+00  0.0000e+00  0.0000e+00  0.0000e+00  0.0000e+00  0.0000e+00  0.0000e+00  0.0000e+00  0.0000e+00  0.0000e+00  0.0000e+00  0.0000e+00  0.0000e+00  0.0000e+00  0.0000e+00
     2    1.50  0.0000e+00  0.0000e+00  0.0000e+00  0.0000e+00  0.0000e+00  0.0000e+00  0.0000e+00  0.0000e+00  0.0000e+00  0.0000e+00  0.0000e+00  0.0000e+00  0.0000e+00  0.0000e+00  0.0000e+00  0.0000e+00  0.0000e+00  0.0000e+00  0.0000e+00  0.0000e+00  0.0000e+00  0.0000e+00  0.0000e+00  0.0000e+00  0.0000e+00  0.0000e+00  0.0000e+00  0.0000e+00  0.0000e+00  0.0000e+00  0.0000e+00  0.0000e+00  0.0000e+00  0.0000e+00  0.0000e+00  0.0000e+00  0.0000e+00  0.0000e+00  0.0000e+00  0.0000e+00  0.0000e+00  0.0000e+00  0.0000e+00  0.0000e+00  0.0000e+00  0.0000e+00  0.0000e+00  0.0000e+00  0.0000e+00  0.0000e+00  0.0000e+00  0.0000e+00  0.0000e+00  0.0000e+00  0.0000e+00  0.0000e+00  0.0000e+00  0.0000e+00  0.0000e+00  0.0000e+00  0.0000e+00  0.0000e+00  0.0000e+00  0.0000e+00  0.0000e+00  0.0000e+00  0.0000e+00  0.0000e+00  0.0000e+00  0.0000e+00  0.0000e+00  0.0000e+00  0.0000e+00  0.0000e+00  0.0000e+00  0.0000e+00  0.0000e+00  0.0000e+00  0.0000e+00  0.0000e+00  0.0000e+00  0.0000e+00  0.0000e+00  0.0000e+00  0.0000e+00  0.0000e+00  0.0000e+00  0.0000e+00  0.0000e+00  0.0000e+00  9.2463e-04  1.0866e-02  3.4882e-02  8.1920e-02  1.7044e-01  2.8011e-01  3.8563e-01  4.4460e-01  4.5653e-01  5.6626e-01  6.5831e-01  5.6295e-01  5.5067e-01  5.1401e-01  3.6745e-01  2.9050e-01  1.7997e-01  9.9009e-02  4.4843e-02  1.4919e-02  9.4666e-04  0.0000e+00  0.0000e+00  0.0000e+00  0.0000e+00  0.0000e+00  0.0000e+00  0.0000e+00  0.0000e+00  0.0000e+00  0.0000e+00  0.0000e+00  0.0000e+00  0.0000e+00  0.0000e+00  0.0000e+00  0.0000e+00  0.0000e+00  0.0000e+00  0.0000e+00  0.0000e+00  0.0000e+00  0.0000e+00  0.0000e+00  0.0000e+00  0.0000e+00  0.0000e+00  0.0000e+00  0.0000e+00  0.0000e+00  0.0000e+00  0.0000e+00  0.0000e+00  0.0000e+00  0.0000e+00  0.0000e+00  0.0000e+00  0.0000e+00  0.0000e+00  0.0000e+00  0.0000e+00  0.0000e+00  0.0000e+00  0.0000e+00  0.0000e+00  0.0000e+00  0.0000e+00  0.0000e+00  0.0000e+00  0.0000e+00  0.0000e+00  0.0000e+00  0.0000e+00  0.0000e+00  0.0000e+00  0.0000e+00  0.0000e+00  0.0000e+00  0.0000e+00  0.0000e+00  0.0000e+00  0.0000e+00  0.0000e+00  0.0000e+00  0.0000e+00  0.0000e+00  0.0000e+00  0.0000e+00  0.0000e+00  0.0000e+00  0.0000e+00  0.0000e+00  0.0000e+00  0.0000e+00  0.0000e+00  0.0000e+00  0.0000e+00  0.0000e+00  0.0000e+00  0.0000e+00  0.0000e+00  0.0000e+00  0.0000e+00  0.0000e+00  0.0000e+00  0.0000e+00  0.0000e+00  0.0000e+00  0.0000e+00  0.0000e+00  0.0000e+00

phi_reference
         ix              1           2           3           4           5           6           7           8           9          10          11          12          13          14          15          16          17          18          19          20          21          22          23          24          25          26          27          28          29          30          31          32          33          34          35          36          37          38          39          40          41          42          43          44          45          46          47          48          49          50          51          52          53          54          55          56          57          58          59          60          61          62          63          64          65          66          67          68          69          70          71          72          73          74          75          76          77          78          79          80          81          82          83          84          85          86          87          88          89          90          91          92          93          94          95          96          97          98          99         100         101         102         103         104         105         106         107         108         109         110         111         112         113         114         115         116         117         118         119         120         121         122         123         124         125         126         127         128         129         130         131         132         133         134         135         136         137         138         139         140         141         142         143         144         145         146         147         148         149         150         151         152         153         154         155         156         157         158         159         160         161         162         163         164         165         166         167         168         169         170         171         172         173         174         175         176         177         178         179         180         181         182         183         184         185         186         187         188         189         190         191         192         193         194         195         196         197         198         199         200         201
   it   t/x         -20.00      -19.80      -19.60      -19.40      -19.20      -19.00      -18.80      -18.60      -18.40      -18.20      -18.00      -17.80      -17.60      -17.40      -17.20      -17.00      -16.80      -16.60      -16.40      -16.20      -16.00      -15.80      -15.60      -15.40      -15.20      -15.00      -14.80      -14.60      -14.40      -14.20      -14.00      -13.80      -13.60      -13.40      -13.20      -13.00      -12.80      -12.60      -12.40      -12.20      -12.00      -11.80      -11.60      -11.40      -11.20      -11.00      -10.80      -10.60      -10.40      -10.20      -10.00       -9.80       -9.60       -9.40       -9.20       -9.00       -8.80       -8.60       -8.40       -8.20       -8.00       -7.80       -7.60       -7.40       -7.20       -7.00       -6.80       -6.60       -6.40       -6.20       -6.00       -5.80       -5.60       -5.40       -5.20       -5.00       -4.80       -4.60       -4.40       -4.20       -4.00       -3.80       -3.60       -3.40       -3.20       -3.00       -2.80       -2.60       -2.40       -2.20       -2.00       -1.80       -1.60       -1.40       -1.20       -1.00       -0.80       -0.60       -0.40       -0.20        0.00        0.20        0.40        0.60        0.80        1.00        1.20        1.40        1.60        1.80        2.00        2.20        2.40        2.60        2.80        3.00        3.20        3.40        3.60        3.80        4.00        4.20        4.40        4.60        4.80        5.00        5.20        5.40        5.60        5.80        6.00        6.20        6.40        6.60        6.80        7.00        7.20        7.40        7.60        7.80        8.00        8.20        8.40        8.60        8.80        9.00        9.20        9.40        9.60        9.80       10.00       10.20       10.40       10.60       10.80       11.00       11.20       11.40       11.60       11.80       12.00       12.20       12.40       12.60       12.80       13.00       13.20       13.40       13.60       13.80       14.00       14.20       14.40       14.60       14.80       15.00       15.20       15.40       15.60       15.80       16.00       16.20       16.40       16.60       16.80       17.00       17.20       17.40       17.60       17.80       18.00       18.20       18.40       18.60       18.80       19.00       19.20       19.40       19.60       19.80       20.00
     1    0.50  0.0000e+00  0.0000e+00  0.0000e+00  0.0000e+00  0.0000e+00  0.0000e+00  0.0000e+00  0.0000e+00  0.0000e+00  0.0000e+00  0.0000e+00  0.0000e+00  0.0000e+00  0.0000e+00  0.0000e+00  0.0000e+00  0.0000e+00  0.0000e+00  0.0000e+00  0.0000e+00  0.0000e+00  0.0000e+00  0.0000e+00  0.0000e+00  0.0000e+00  0.0000e+00  0.0000e+00  0.0000e+00  0.0000e+00  0.0000e+00  0.0000e+00  0.0000e+00  0.0000e+00  0.0000e+00  0.0000e+00  0.0000e+00  0.0000e+00  0.0000e+00  0.0000e+00  0.0000e+00  0.0000e+00  0.0000e+00  0.0000e+00  0.0000e+00  0.0000e+00  0.0000e+00  0.0000e+00  0.0000e+00  0.0000e+00  0.0000e+00  0.0000e+00  0.0000e+00  0.0000e+00  0.0000e+00  0.0000e+00  0.0000e+00  0.0000e+00  0.0000e+00  0.0000e+00  0.0000e+00  0.0000e+00  0.0000e+00  0.0000e+00  0.0000e+00  0.0000e+00  0.0000e+00  0.0000e+00  0.0000e+00  0.0000e+00  0.0000e+00  0.0000e+00  0.0000e+00  0.0000e+00  0.0000e+00  0.0000e+00  0.0000e+00  0.0000e+00  0.0000e+00  0.0000e+00  0.0000e+00  0.0000e+00  0.0000e+00  0.0000e+00  0.0000e+00  0.0000e+00  0.0000e+00  0.0000e+00  0.0000e+00  0.0000e+00  0.0000e+00  0.0000e+00  0.0000e+00  0.0000e+00  0.0000e+00  0.0000e+00  5.8684e-03  7.0337e-02  2.1305e-01  4.6764e-01  9.3641e-01  1.8719e+00  9.3641e-01  4.6764e-01  2.1305e-01  7.0337e-02  5.8684e-03  0.0000e+00  0.0000e+00  0.0000e+00  0.0000e+00  0.0000e+00  0.0000e+00  0.0000e+00  0.0000e+00  0.0000e+00  0.0000e+00  0.0000e+00  0.0000e+00  0.0000e+00  0.0000e+00  0.0000e+00  0.0000e+00  0.0000e+00  0.0000e+00  0.0000e+00  0.0000e+00  0.0000e+00  0.0000e+00  0.0000e+00  0.0000e+00  0.0000e+00  0.0000e+00  0.0000e+00  0.0000e+00  0.0000e+00  0.0000e+00  0.0000e+00  0.0000e+00  0.0000e+00  0.0000e+00  0.0000e+00  0.0000e+00  0.0000e+00  0.0000e+00  0.0000e+00  0.0000e+00  0.0000e+00  0.0000e+00  0.0000e+00  0.0000e+00  0.0000e+00  0.0000e+00  0.0000e+00  0.0000e+00  0.0000e+00  0.0000e+00  0.0000e+00  0.0000e+00  0.0000e+00  0.0000e+00  0.0000e+00  0.0000e+00  0.0000e+00  0.0000e+00  0.0000e+00  0.0000e+00  0.0000e+00  0.0000e+00  0.0000e+00  0.0000e+00  0.0000e+00  0.0000e+00  0.0000e+00  0.0000e+00  0.0000e+00  0.0000e+00  0.0000e+00  0.0000e+00  0.0000e+00  0.0000e+00  0.0000e+00  0.0000e+00  0.0000e+00  0.0000e+00  0.0000e+00  0.0000e+00  0.0000e+00  0.0000e+00  0.0000e+00  0.0000e+00  0.0000e+00  0.0000e+00  0.0000e+00  0.0000e+00  0.0000e+00  0.0000e+00  0.0000e+00  0.0000e+00  0.0000e+00  0.0000e+00  0.0000e+00
     2    1.50  0.0000e+00  0.0000e+00  0.0000e+00  0.0000e+00  0.0000e+00  0.0000e+00  0.0000e+00  0.0000e+00  0.0000e+00  0.0000e+00  0.0000e+00  0.0000e+00  0.0000e+00  0.0000e+00  0.0000e+00  0.0000e+00  0.0000e+00  0.0000e+00  0.0000e+00  0.0000e+00  0.0000e+00  0.0000e+00  0.0000e+00  0.0000e+00  0.0000e+00  0.0000e+00  0.0000e+00  0.0000e+00  0.0000e+00  0.0000e+00  0.0000e+00  0.0000e+00  0.0000e+00  0.0000e+00  0.0000e+00  0.0000e+00  0.0000e+00  0.0000e+00  0.0000e+00  0.0000e+00  0.0000e+00  0.0000e+00  0.0000e+00  0.0000e+00  0.0000e+00  0.0000e+00  0.0000e+00  0.0000e+00  0.0000e+00  0.0000e+00  0.0000e+00  0.0000e+00  0.0000e+00  0.0000e+00  0.0000e+00  0.0000e+00  0.0000e+00  0.0000e+00  0.0000e+00  0.0000e+00  0.0000e+00  0.0000e+00  0.0000e+00  0.0000e+00  0.0000e+00  0.0000e+00  0.0000e+00  0.0000e+00  0.0000e+00  0.0000e+00  0.0000e+00  0.0000e+00  0.0000e+00  0.0000e+00  0.0000e+00  0.0000e+00  0.0000e+00  0.0000e+00  0.0000e+00  0.0000e+00  0.0000e+00  0.0000e+00  0.0000e+00  0.0000e+00  0.0000e+00  0.0000e+00  0.0000e+00  0.0000e+00  0.0000e+00  0.0000e+00  1.0897e-03  1.3348e-02  4.1286e-02  9.0740e-02  1.6963e-01  2.8139e-01  3.8451e-01  4.7489e-01  5.4781e-01  5.9524e-01  6.1170e-01  5.9524e-01  5.4781e-01  4.7489e-01  3.8451e-01  2.8139e-01  1.6963e-01  9.0740e-02  4.1286e-02  1.3348e-02  1.0897e-03  0.0000e+00  0.0000e+00  0.0000e+00  0.0000e+00  0.0000e+00  0.0000e+00  0.0000e+00  0.0000e+00  0.0000e+00  0.0000e+00  0.0000e+00  0.0000e+00  0.0000e+00  0.0000e+00  0.0000e+00  0.0000e+00  0.0000e+00  0.0000e+00  0.0000e+00  0.0000e+00  0.0000e+00  0.0000e+00  0.0000e+00  0.0000e+00  0.0000e+00  0.0000e+00  0.0000e+00  0.0000e+00  0.0000e+00  0.0000e+00  0.0000e+00  0.0000e+00  0.0000e+00  0.0000e+00  0.0000e+00  0.0000e+00  0.0000e+00  0.0000e+00  0.0000e+00  0.0000e+00  0.0000e+00  0.0000e+00  0.0000e+00  0.0000e+00  0.0000e+00  0.0000e+00  0.0000e+00  0.0000e+00  0.0000e+00  0.0000e+00  0.0000e+00  0.0000e+00  0.0000e+00  0.0000e+00  0.0000e+00  0.0000e+00  0.0000e+00  0.0000e+00  0.0000e+00  0.0000e+00  0.0000e+00  0.0000e+00  0.0000e+00  0.0000e+00  0.0000e+00  0.0000e+00  0.0000e+00  0.0000e+00  0.0000e+00  0.0000e+00  0.0000e+00  0.0000e+00  0.0000e+00  0.0000e+00  0.0000e+00  0.0000e+00  0.0000e+00  0.0000e+00  0.0000e+00  0.0000e+00  0.0000e+00  0.0000e+00  0.0000e+00  0.0000e+00  0.0000e+00  0.0000e+00  0.0000e+00  0.0000e+00  0.0000e+00  0.0000e+00

ww
         ix              1           2           3           4           5           6           7           8           9          10          11          12          13          14          15          16          17          18          19          20          21          22          23          24          25          26          27          28          29          30          31          32          33          34          35          36          37          38          39          40          41          42          43          44          45          46          47          48          49          50          51          52          53          54          55          56          57          58          59          60          61          62          63          64          65          66          67          68          69          70          71          72          73          74          75          76          77          78          79          80          81          82          83          84          85          86          87          88          89          90          91          92          93          94          95          96          97          98          99         100         101         102         103         104         105         106         107         108         109         110         111         112         113         114         115         116         117         118         119         120         121         122         123         124         125         126         127         128         129         130         131         132         133         134         135         136         137         138         139         140         141         142         143         144         145         146         147         148         149         150         151         152         153         154         155         156         157         158         159         160         161         162         163         164         165         166         167         168         169         170         171         172         173         174         175         176         177         178         179         180         181         182         183         184         185         186         187         188         189         190         191         192         193         194         195         196         197         198         199         200         201
   it   t/x         -20.00      -19.80      -19.60      -19.40      -19.20      -19.00      -18.80      -18.60      -18.40      -18.20      -18.00      -17.80      -17.60      -17.40      -17.20      -17.00      -16.80      -16.60      -16.40      -16.20      -16.00      -15.80      -15.60      -15.40      -15.20      -15.00      -14.80      -14.60      -14.40      -14.20      -14.00      -13.80      -13.60      -13.40      -13.20      -13.00      -12.80      -12.60      -12.40      -12.20      -12.00      -11.80      -11.60      -11.40      -11.20      -11.00      -10.80      -10.60      -10.40      -10.20      -10.00       -9.80       -9.60       -9.40       -9.20       -9.00       -8.80       -8.60       -8.40       -8.20       -8.00       -7.80       -7.60       -7.40       -7.20       -7.00       -6.80       -6.60       -6.40       -6.20       -6.00       -5.80       -5.60       -5.40       -5.20       -5.00       -4.80       -4.60       -4.40       -4.20       -4.00       -3.80       -3.60       -3.40       -3.20       -3.00       -2.80       -2.60       -2.40       -2.20       -2.00       -1.80       -1.60       -1.40       -1.20       -1.00       -0.80       -0.60       -0.40       -0.20        0.00        0.20        0.40        0.60        0.80        1.00        1.20        1.40        1.60        1.80        2.00        2.20        2.40        2.60        2.80        3.00        3.20        3.40        3.60        3.80        4.00        4.20        4.40        4.60        4.80        5.00        5.20        5.40        5.60        5.80        6.00        6.20        6.40        6.60        6.80        7.00        7.20        7.40        7.60        7.80        8.00        8.20        8.40        8.60        8.80        9.00        9.20        9.40        9.60        9.80       10.00       10.20       10.40       10.60       10.80       11.00       11.20       11.40       11.60       11.80       12.00       12.20       12.40       12.60       12.80       13.00       13.20       13.40       13.60       13.80       14.00       14.20       14.40       14.60       14.80       15.00       15.20       15.40       15.60       15.80       16.00       16.20       16.40       16.60       16.80       17.00       17.20       17.40       17.60       17.80       18.00       18.20       18.40       18.60       18.80       19.00       19.20       19.40       19.60       19.80       20.00
     1    0.50  0.0000e+00  0.0000e+00  0.0000e+00  0.0000e+00  0.0000e+00  0.0000e+00  0.0000e+00  0.0000e+00  0.0000e+00  0.0000e+00  0.0000e+00  0.0000e+00  0.0000e+00  0.0000e+00  0.0000e+00  0.0000e+00  0.0000e+00  0.0000e+00  0.0000e+00  0.0000e+00  0.0000e+00  0.0000e+00  0.0000e+00  0.0000e+00  0.0000e+00  0.0000e+00  0.0000e+00  0.0000e+00  0.0000e+00  0.0000e+00  0.0000e+00  0.0000e+00  0.0000e+00  0.0000e+00  0.0000e+00  0.0000e+00  0.0000e+00  0.0000e+00  0.0000e+00  0.0000e+00  0.0000e+00  0.0000e+00  0.0000e+00  0.0000e+00  0.0000e+00  0.0000e+00  0.0000e+00  0.0000e+00  0.0000e+00  0.0000e+00  0.0000e+00  0.0000e+00  0.0000e+00  0.0000e+00  0.0000e+00  0.0000e+00  0.0000e+00  0.0000e+00  0.0000e+00  0.0000e+00  0.0000e+00  0.0000e+00  0.0000e+00  0.0000e+00  0.0000e+00  0.0000e+00  0.0000e+00  0.0000e+00  0.0000e+00  0.0000e+00  0.0000e+00  0.0000e+00  0.0000e+00  0.0000e+00  0.0000e+00  0.0000e+00  0.0000e+00  0.0000e+00  0.0000e+00  0.0000e+00  0.0000e+00  0.0000e+00  0.0000e+00  0.0000e+00  0.0000e+00  0.0000e+00  0.0000e+00  0.0000e+00  0.0000e+00  0.0000e+00  0.0000e+00  0.0000e+00  0.0000e+00  0.0000e+00  0.0000e+00  0.0000e+00  0.0000e+00  0.0000e+00  0.0000e+00  0.0000e+00  1.0000e+00  0.0000e+00  0.0000e+00  0.0000e+00  0.0000e+00  0.0000e+00  0.0000e+00  0.0000e+00  0.0000e+00  0.0000e+00  0.0000e+00  0.0000e+00  0.0000e+00  0.0000e+00  0.0000e+00  0.0000e+00  0.0000e+00  0.0000e+00  0.0000e+00  0.0000e+00  0.0000e+00  0.0000e+00  0.0000e+00  0.0000e+00  0.0000e+00  0.0000e+00  0.0000e+00  0.0000e+00  0.0000e+00  0.0000e+00  0.0000e+00  0.0000e+00  0.0000e+00  0.0000e+00  0.0000e+00  0.0000e+00  0.0000e+00  0.0000e+00  0.0000e+00  0.0000e+00  0.0000e+00  0.0000e+00  0.0000e+00  0.0000e+00  0.0000e+00  0.0000e+00  0.0000e+00  0.0000e+00  0.0000e+00  0.0000e+00  0.0000e+00  0.0000e+00  0.0000e+00  0.0000e+00  0.0000e+00  0.0000e+00  0.0000e+00  0.0000e+00  0.0000e+00  0.0000e+00  0.0000e+00  0.0000e+00  0.0000e+00  0.0000e+00  0.0000e+00  0.0000e+00  0.0000e+00  0.0000e+00  0.0000e+00  0.0000e+00  0.0000e+00  0.0000e+00  0.0000e+00  0.0000e+00  0.0000e+00  0.0000e+00  0.0000e+00  0.0000e+00  0.0000e+00  0.0000e+00  0.0000e+00  0.0000e+00  0.0000e+00  0.0000e+00  0.0000e+00  0.0000e+00  0.0000e+00  0.0000e+00  0.0000e+00  0.0000e+00  0.0000e+00  0.0000e+00  0.0000e+00  0.0000e+00  0.0000e+00  0.0000e+00  0.0000e+00  0.0000e+00  0.0000e+00  0.0000e+00  0.0000e+00
     2    1.50  1.2276e-22  1.4954e-22  2.0895e-22  3.1393e-22  4.8740e-22  7.6719e-22  1.2143e-21  1.9264e-21  3.0587e-21  4.8582e-21  7.7175e-21  1.2260e-20  1.9478e-20  3.0944e-20  4.9161e-20  7.8102e-20  1.2408e-19  1.9713e-19  3.1318e-19  4.9755e-19  7.9045e-19  1.2558e-18  1.9951e-18  3.1696e-18  5.0355e-18  8.0000e-18  1.2710e-17  2.0192e-17  3.2079e-17  5.0963e-17  8.0966e-17  1.2863e-16  2.0436e-16  3.2466e-16  5.1579e-16  8.1943e-16  1.3018e-15  2.0682e-15  3.2858e-15  5.2202e-15  8.2933e-15  1.3176e-14  2.0932e-14  3.3255e-14  5.2832e-14  8.3934e-14  1.3335e-13  2.1185e-13  3.3656e-13  5.3470e-13  8.4947e-13  1.3496e-12  2.1440e-12  3.4063e-12  5.4115e-12  8.5973e-12  1.3659e-11  2.1699e-11  3.4474e-11  5.4769e-11  8.7011e-11  1.3823e-10  2.1961e-10  3.4890e-10  5.5430e-10  8.8062e-10  1.3990e-09  2.2227e-09  3.5311e-09  5.6099e-09  8.9125e-09  1.4159e-08  2.2495e-08  3.5738e-08  5.6777e-08  9.0201e-08  1.4330e-07  2.2766e-07  3.6169e-07  5.7462e-07  9.1290e-07  1.4503e-06  2.3041e-06  3.6606e-06  5.8156e-06  9.2392e-06  1.4678e-05  2.3320e-05  3.7048e-05  5.8858e-05  9.3508e-05  1.4856e-04  2.3601e-04  3.7495e-04  5.9569e-04  3.0999e-01  7.7811e-01  9.5465e-01  7.3403e-01 -1.3560e-02 -2.0692e+00  1.3484e-02  7.5320e-01  1.0000e+00  8.5430e-01  3.2018e-01  6.7815e-04  4.2686e-04  2.6868e-04  1.6912e-04  1.0645e-04  6.7006e-05  4.2177e-05  2.6548e-05  1.6710e-05  1.0518e-05  6.6207e-06  4.1674e-06  2.6231e-06  1.6511e-06  1.0393e-06  6.5417e-07  4.1176e-07  2.5918e-07  1.6314e-07  1.0269e-07  6.4637e-08  4.0685e-08  2.5609e-08  1.6120e-08  1.0146e-08  6.3866e-09  4.0200e-09  2.5304e-09  1.5927e-09  1.0025e-09  6.3104e-10  3.9720e-10  2.5002e-10  1.5737e-10  9.9057e-11  6.2351e-11  3.9246e-11  2.4703e-11  1.5549e-11  9.7875e-12  6.1607e-12  3.8778e-12  2.4409e-12  1.5364e-12  9.6708e-13  6.0872e-13  3.8316e-13  2.4118e-13  1.5181e-13  9.5554e-14  6.0146e-14  3.7859e-14  2.3830e-14  1.5000e-14  9.4414e-15  5.9428e-15  3.7407e-15  2.3546e-15  1.4821e-15  9.3288e-16  5.8719e-16  3.6961e-16  2.3265e-16  1.4644e-16  9.2175e-17  5.8019e-17  3.6520e-17  2.2987e-17  1.4469e-17  9.1075e-18  5.7327e-18  3.6084e-18  2.2713e-18  1.4296e-18  8.9989e-19  5.6643e-19  3.5654e-19  2.2442e-19  1.4126e-19  8.8915e-20  5.5967e-20  3.5228e-20  2.2174e-20  1.3958e-20  8.7860e-21  5.5308e-21  3.4821e-21  2.1931e-21  1.3824e-21  8.7340e-22  5.5487e-22  3.5739e-22  2.3787e-22  1.7025e-22  1.3976e-22

phi_sd
         ix              1           2           3           4           5           6           7           8           9          10          11          12          13          14          15          16          17          18          19          20          21          22          23          24          25          26          27          28          29          30          31          32          33          34          35          36          37          38          39          40          41          42          43          44          45          46          47          48          49          50          51          52          53          54          55          56          57          58          59          60          61          62          63          64          65          66          67          68          69          70          71          72          73          74          75          76          77          78          79          80          81          82          83          84          85          86          87          88          89          90          91          92          93          94          95          96          97          98          99         100         101         102         103         104         105         106         107         108         109         110         111         112         113         114         115         116         117         118         119         120         121         122         123         124         125         126         127         128         129         130         131         132         133         134         135         136         137         138         139         140         141         142         143         144         145         146         147         148         149         150         151         152         153         154         155         156         157         158         159         160         161         162         163         164         165         166         167         168         169         170         171         172         173         174         175         176         177         178         179         180         181         182         183         184         185         186         187         188         189         190         191         192         193         194         195         196         197         198         199         200         201
   it   t/x         -20.00      -19.80      -19.60      -19.40      -19.20      -19.00      -18.80      -18.60      -18.40      -18.20      -18.00      -17.80      -17.60      -17.40      -17.20      -17.00      -16.80      -16.60      -16.40      -16.20      -16.00      -15.80      -15.60      -15.40      -15.20      -15.00      -14.80      -14.60      -14.40      -14.20      -14.00      -13.80      -13.60      -13.40      -13.20      -13.00      -12.80      -12.60      -12.40      -12.20      -12.00      -11.80      -11.60      -11.40      -11.20      -11.00      -10.80      -10.60      -10.40      -10.20      -10.00       -9.80       -9.60       -9.40       -9.20       -9.00       -8.80       -8.60       -8.40       -8.20       -8.00       -7.80       -7.60       -7.40       -7.20       -7.00       -6.80       -6.60       -6.40       -6.20       -6.00       -5.80       -5.60       -5.40       -5.20       -5.00       -4.80       -4.60       -4.40       -4.20       -4.00       -3.80       -3.60       -3.40       -3.20       -3.00       -2.80       -2.60       -2.40       -2.20       -2.00       -1.80       -1.60       -1.40       -1.20       -1.00       -0.80       -0.60       -0.40       -0.20        0.00        0.20        0.40        0.60        0.80        1.00        1.20        1.40        1.60        1.80        2.00        2.20        2.40        2.60        2.80        3.00        3.20        3.40        3.60        3.80        4.00        4.20        4.40        4.60        4.80        5.00        5.20        5.40        5.60        5.80        6.00        6.20        6.40        6.60        6.80        7.00        7.20        7.40        7.60        7.80        8.00        8.20        8.40        8.60        8.80        9.00        9.20        9.40        9.60        9.80       10.00       10.20       10.40       10.60       10.80       11.00       11.20       11.40       11.60       11.80       12.00       12.20       12.40       12.60       12.80       13.00       13.20       13.40       13.60       13.80       14.00       14.20       14.40       14.60       14.80       15.00       15.20       15.40       15.60       15.80       16.00       16.20       16.40       16.60       16.80       17.00       17.20       17.40       17.60       17.80       18.00       18.20       18.40       18.60       18.80       19.00       19.20       19.40       19.60       19.80       20.00
     1    0.50  0.0000e+00  0.0000e+00  0.0000e+00  0.0000e+00  0.0000e+00  0.0000e+00  0.0000e+00  0.0000e+00  0.0000e+00  0.0000e+00  0.0000e+00  0.0000e+00  0.0000e+00  0.0000e+00  0.0000e+00  0.0000e+00  0.0000e+00  0.0000e+00  0.0000e+00  0.0000e+00  0.0000e+00  0.0000e+00  0.0000e+00  0.0000e+00  0.0000e+00  0.0000e+00  0.0000e+00  0.0000e+00  0.0000e+00  0.0000e+00  0.0000e+00  0.0000e+00  0.0000e+00  0.0000e+00  0.0000e+00  0.0000e+00  0.0000e+00  0.0000e+00  0.0000e+00  0.0000e+00  0.0000e+00  0.0000e+00  0.0000e+00  0.0000e+00  0.0000e+00  0.0000e+00  0.0000e+00  0.0000e+00  0.0000e+00  0.0000e+00  0.0000e+00  0.0000e+00  0.0000e+00  0.0000e+00  0.0000e+00  0.0000e+00  0.0000e+00  0.0000e+00  0.0000e+00  0.0000e+00  0.0000e+00  0.0000e+00  0.0000e+00  0.0000e+00  0.0000e+00  0.0000e+00  0.0000e+00  0.0000e+00  0.0000e+00  0.0000e+00  0.0000e+00  0.0000e+00  0.0000e+00  0.0000e+00  0.0000e+00  0.0000e+00  0.0000e+00  0.0000e+00  0.0000e+00  0.0000e+00  0.0000e+00  0.0000e+00  0.0000e+00  0.0000e+00  0.0000e+00  0.0000e+00  0.0000e+00  0.0000e+00  0.0000e+00  0.0000e+00  0.0000e+00  0.0000e+00  0.0000e+00  0.0000e+00  0.0000e+00  1.3880e-03  7.9930e-03  1.4836e-02  2.3834e-02  3.5645e-02  4.9751e-02  3.7122e-02  2.4179e-02  1.6396e-02  7.3002e-03  1.3778e-03  0.0000e+00  0.0000e+00  0.0000e+00  0.0000e+00  0.0000e+00  0.0000e+00  0.0000e+00  0.0000e+00  0.0000e+00  0.0000e+00  0.0000e+00  0.0000e+00  0.0000e+00  0.0000e+00  0.0000e+00  0.0000e+00  0.0000e+00  0.0000e+00  0.0000e+00  0.0000e+00  0.0000e+00  0.0000e+00  0.0000e+00  0.0000e+00  0.0000e+00  0.0000e+00  0.0000e+00  0.0000e+00  0.0000e+00  0.0000e+00  0.0000e+00  0.0000e+00  0.0000e+00  0.0000e+00  0.0000e+00  0.0000e+00  0.0000e+00  0.0000e+00  0.0000e+00  0.0000e+00  0.0000e+00  0.0000e+00  0.0000e+00  0.0000e+00  0.0000e+00  0.0000e+00  0.0000e+00  0.0000e+00  0.0000e+00  0.0000e+00  0.0000e+00  0.0000e+00  0.0000e+00  0.0000e+00  0.0000e+00  0.0000e+00  0.0000e+00  0.0000e+00  0.0000e+00  0.0000e+00  0.0000e+00  0.0000e+00  0.0000e+00  0.0000e+00  0.0000e+00  0.0000e+00  0.0000e+00  0.0000e+00  0.0000e+00  0.0000e+00  0.0000e+00  0.0000e+00  0.0000e+00  0.0000e+00  0.0000e+00  0.0000e+00  0.0000e+00  0.0000e+00  0.0000e+00  0.0000e+00  0.0000e+00  0.0000e+00  0.0000e+00  0.0000e+00  0.0000e+00  0.0000e+00  0.0000e+00  0.0000e+00  0.0000e+00  0.0000e+00  0.0000e+00  0.0000e+00  0.0000e+00  0.0000e+00  0.0000e+00
     2    1.50  0.0000e+00  0.0000e+00  0.0000e+00  0.0000e+00  0.0000e+00  0.0000e+00  0.0000e+00  0.0000e+00  0.0000e+00  0.0000e+00  0.0000e+00  0.0000e+00  0.0000e+00  0.0000e+00  0.0000e+00  0.0000e+00  0.0000e+00  0.0000e+00  0.0000e+00  0.0000e+00  0.0000e+00  0.0000e+00  0.0000e+00  0.0000e+00  0.0000e+00  0.0000e+00  0.0000e+00  0.0000e+00  0.0000e+00  0.0000e+00  0.0000e+00  0.0000e+00  0.0000e+00  0.0000e+00  0.0000e+00  0.0000e+00  0.0000e+00  0.0000e+00  0.0000e+00  0.0000e+00  0.0000e+00  0.0000e+00  0.0000e+00  0.0000e+00  0.0000e+00  0.0000e+00  0.0000e+00  0.0000e+00  0.0000e+00  0.0000e+00  0.0000e+00  0.0000e+00  0.0000e+00  0.0000e+00  0.0000e+00  0.0000e+00  0.0000e+00  0.0000e+00  0.0000e+00  0.0000e+00  0.0000e+00  0.0000e+00  0.0000e+00  0.0000e+00  0.0000e+00  0.0000e+00  0.0000e+00  0.0000e+00  0.0000e+00  0.0000e+00  0.0000e+00  0.0000e+00  0.0000e+00  0.0000e+00  0.0000e+00  0.0000e+00  0.0000e+00  0.0000e+00  0.0000e+00  0.0000e+00  0.0000e+00  0.0000e+00  0.0000e+00  0.0000e+00  0.0000e+00  0.0000e+00  0.0000e+00  0.0000e+00  0.0000e+00  0.0000e+00  4.3944e-04  2.6097e-03  5.8453e-03  1.0304e-02  1.6515e-02  2.5270e-02  3.4445e-02  3.7538e-02  3.6051e-02  4.0977e-02  4.6244e-02  3.9101e-02  4.6944e-02  4.4251e-02  3.6177e-02  2.7971e-02  1.8540e-02  1.2488e-02  7.1475e-03  3.2394e-03  4.5769e-04  0.0000e+00  0.0000e+00  0.0000e+00  0.0000e+00  0.0000e+00  0.0000e+00  0.0000e+00  0.0000e+00  0.0000e+00  0.0000e+00  0.0000e+00  0.0000e+00  0.0000e+00  0.0000e+00  0.0000e+00  0.0000e+00  0.0000e+00  0.0000e+00  0.0000e+00  0.0000e+00  0.0000e+00  0.0000e+00  0.0000e+00  0.0000e+00  0.0000e+00  0.0000e+00  0.0000e+00  0.0000e+00  0.0000e+00  0.0000e+00  0.0000e+00  0.0000e+00  0.0000e+00  0.0000e+00  0.0000e+00  0.0000e+00  0.0000e+00  0.0000e+00  0.0000e+00  0.0000e+00  0.0000e+00  0.0000e+00  0.0000e+00  0.0000e+00  0.0000e+00  0.0000e+00  0.0000e+00  0.0000e+00  0.0000e+00  0.0000e+00  0.0000e+00  0.0000e+00  0.0000e+00  0.0000e+00  0.0000e+00  0.0000e+00  0.0000e+00  0.0000e+00  0.0000e+00  0.0000e+00  0.0000e+00  0.0000e+00  0.0000e+00  0.0000e+00  0.0000e+00  0.0000e+00  0.0000e+00  0.0000e+00  0.0000e+00  0.0000e+00  0.0000e+00  0.0000e+00  0.0000e+00  0.0000e+00  0.0000e+00  0.0000e+00  0.0000e+00  0.0000e+00  0.0000e+00  0.0000e+00  0.0000e+00  0.0000e+00  0.0000e+00  0.0000e+00  0.0000e+00  0.0000e+00  0.0000e+00  0.0000e+00  0.0000e+00  0.0000e+00

n
         ix              1           2           3           4           5           6           7           8           9          10          11          12          13          14          15          16          17          18          19          20          21          22          23          24          25          26          27          28          29          30          31          32          33          34          35          36          37          38          39          40          41          42          43          44          45          46          47          48          49          50          51          52          53          54          55          56          57          58          59          60          61          62          63          64          65          66          67          68          69          70          71          72          73          74          75          76          77          78          79          80          81          82          83          84          85          86          87          88          89          90          91          92          93          94          95          96          97          98          99         100         101         102         103         104         105         106         107         108         109         110         111         112         113         114         115         116         117         118         119         120         121         122         123         124         125         126         127         128         129         130         131         132         133         134         135         136         137         138         139         140         141         142         143         144         145         146         147         148         149         150         151         152         153         154         155         156         157         158         159         160         161         162         163         164         165         166         167         168         169         170         171         172         173         174         175         176         177         178         179         180         181         182         183         184         185         186         187         188         189         190         191         192         193         194         195         196         197         198         199         200         201
   it   t/x         -20.00      -19.80      -19.60      -19.40      -19.20      -19.00      -18.80      -18.60      -18.40      -18.20      -18.00      -17.80      -17.60      -17.40      -17.20      -17.00      -16.80      -16.60      -16.40      -16.20      -16.00      -15.80      -15.60      -15.40      -15.20      -15.00      -14.80      -14.60      -14.40      -14.20      -14.00      -13.80      -13.60      -13.40      -13.20      -13.00      -12.80      -12.60      -12.40      -12.20      -12.00      -11.80      -11.60      -11.40      -11.20      -11.00      -10.80      -10.60      -10.40      -10.20      -10.00       -9.80       -9.60       -9.40       -9.20       -9.00       -8.80       -8.60       -8.40       -8.20       -8.00       -7.80       -7.60       -7.40       -7.20       -7.00       -6.80       -6.60       -6.40       -6.20       -6.00       -5.80       -5.60       -5.40       -5.20       -5.00       -4.80       -4.60       -4.40       -4.20       -4.00       -3.80       -3.60       -3.40       -3.20       -3.00       -2.80       -2.60       -2.40       -2.20       -2.00       -1.80       -1.60       -1.40       -1.20       -1.00       -0.80       -0.60       -0.40       -0.20        0.00        0.20        0.40        0.60        0.80        1.00        1.20        1.40        1.60        1.80        2.00        2.20        2.40        2.60        2.80        3.00        3.20        3.40        3.60        3.80        4.00        4.20        4.40        4.60        4.80        5.00        5.20        5.40        5.60        5.80        6.00        6.20        6.40        6.60        6.80        7.00        7.20        7.40        7.60        7.80        8.00        8.20        8.40        8.60        8.80        9.00        9.20        9.40        9.60        9.80       10.00       10.20       10.40       10.60       10.80       11.00       11.20       11.40       11.60       11.80       12.00       12.20       12.40       12.60       12.80       13.00       13.20       13.40       13.60       13.80       14.00       14.20       14.40       14.60       14.80       15.00       15.20       15.40       15.60       15.80       16.00       16.20       16.40       16.60       16.80       17.00       17.20       17.40       17.60       17.80       18.00       18.20       18.40       18.60       18.80       19.00       19.20       19.40       19.60       19.80       20.00
     1    0.50  0.0000e+00  0.0000e+00  0.0000e+00  0.0000e+00  0.0000e+00  0.0000e+00  0.0000e+00  0.0000e+00  0.0000e+00  0.0000e+00  0.0000e+00  0.0000e+00  0.0000e+00  0.0000e+00  0.0000e+00  0.0000e+00  0.0000e+00  0.0000e+00  0.0000e+00  0.0000e+00  0.0000e+00  0.0000e+00  0.0000e+00  0.0000e+00  0.0000e+00  0.0000e+00  0.0000e+00  0.0000e+00  0.0000e+00  0.0000e+00  0.0000e+00  0.0000e+00  0.0000e+00  0.0000e+00  0.0000e+00  0.0000e+00  0.0000e+00  0.0000e+00  0.0000e+00  0.0000e+00  0.0000e+00  0.0000e+00  0.0000e+00  0.0000e+00  0.0000e+00  0.0000e+00  0.0000e+00  0.0000e+00  0.0000e+00  0.0000e+00  0.0000e+00  0.0000e+00  0.0000e+00  0.0000e+00  0.0000e+00  0.0000e+00  0.0000e+00  0.0000e+00  0.0000e+00  0.0000e+00  0.0000e+00  0.0000e+00  0.0000e+00  0.0000e+00  0.0000e+00  0.0000e+00  0.0000e+00  0.0000e+00  0.0000e+00  0.0000e+00  0.0000e+00  0.0000e+00  0.0000e+00  0.0000e+00  0.0000e+00  0.0000e+00  0.0000e+00  0.0000e+00  0.0000e+00  0.0000e+00  0.0000e+00  0.0000e+00  0.0000e+00  0.0000e+00  0.0000e+00  0.0000e+00  0.0000e+00  0.0000e+00  0.0000e+00  0.0000e+00  0.0000e+00  0.0000e+00  0.0000e+00  0.0000e+00  0.0000e+00  2.8000e-02  1.4600e-01  3.2800e-01  5.5400e-01  8.0000e-01  1.5030e+00  9.3600e-01  6.0300e-01  3.7800e-01  1.3400e-01  2.7000e-02  0.0000e+00  0.0000e+00  0.0000e+00  0.0000e+00  0.0000e+00  0.0000e+00  0.0000e+00  0.0000e+00  0.0000e+00  0.0000e+00  0.0000e+00  0.0000e+00  0.0000e+00  0.0000e+00  0.0000e+00  0.0000e+00  0.0000e+00  0.0000e+00  0.0000e+00  0.0000e+00  0.0000e+00  0.0000e+00  0.0000e+00  0.0000e+00  0.0000e+00  0.0000e+00  0.0000e+00  0.0000e+00  0.0000e+00  0.0000e+00  0.0000e+00  0.0000e+00  0.0000e+00  0.0000e+00  0.0000e+00  0.0000e+00  0.0000e+00  0.0000e+00  0.0000e+00  0.0000e+00  0.0000e+00  0.0000e+00  0.0000e+00  0.0000e+00  0.0000e+00  0.0000e+00  0.0000e+00  0.0000e+00  0.0000e+00  0.0000e+00  0.0000e+00  0.0000e+00  0.0000e+00  0.0000e+00  0.0000e+00  0.0000e+00  0.0000e+00  0.0000e+00  0.0000e+00  0.0000e+00  0.0000e+00  0.0000e+00  0.0000e+00  0.0000e+00  0.0000e+00  0.0000e+00  0.0000e+00  0.0000e+00  0.0000e+00  0.0000e+00  0.0000e+00  0.0000e+00  0.0000e+00  0.0000e+00  0.0000e+00  0.0000e+00  0.0000e+00  0.0000e+00  0.0000e+00  0.0000e+00  0.0000e+00  0.0000e+00  0.0000e+00  0.0000e+00  0.0000e+00  0.0000e+00  0.0000e+00  0.0000e+00  0.0000e+00  0.0000e+00  0.0000e+00  0.0000e+00  0.0000e+00  0.0000e+00  0.0000e+00
     2    1.50  0.0000e+00  0.0000e+00  0.0000e+00  0.0000e+00  0.0000e+00  0.0000e+00  0.0000e+00  0.0000e+00  0.0000e+00  0.0000e+00  0.0000e+00  0.0000e+00  0.0000e+00  0.0000e+00  0.0000e+00  0.0000e+00  0.0000e+00  0.0000e+00  0.0000e+00  0.0000e+00  0.0000e+00  0.0000e+00  0.0000e+00  0.0000e+00  0.0000e+00  0.0000e+00  0.0000e+00  0.0000e+00  0.0000e+00  0.0000e+00  0.0000e+00  0.0000e+00  0.0000e+00  0.0000e+00  0.0000e+00  0.0000e+00  0.0000e+00  0.0000e+00  0.0000e+00  0.0000e+00  0.0000e+00  0.0000e+00  0.0000e+00  0.0000e+00  0.0000e+00  0.0000e+00  0.0000e+00  0.0000e+00  0.0000e+00  0.0000e+00  0.0000e+00  0.0000e+00  0.0000e+00  0.0000e+00  0.0000e+00  0.0000e+00  0.0000e+00  0.0000e+00  0.0000e+00  0.0000e+00  0.0000e+00  0.0000e+00  0.0000e+00  0.0000e+00  0.0000e+00  0.0000e+00  0.0000e+00  0.0000e+00  0.0000e+00  0.0000e+00  0.0000e+00  0.0000e+00  0.0000e+00  0.0000e+00  0.0000e+00  0.0000e+00  0.0000e+00  0.0000e+00  0.0000e+00  0.0000e+00  0.0000e+00  0.0000e+00  0.0000e+00  0.0000e+00  0.0000e+00  0.0000e+00  0.0000e+00  0.0000e+00  0.0000e+00  0.0000e+00  2.5443e+01  8.4483e+01  1.5423e+02  1.8551e+02  2.2014e+02  6.0000e-01  3.3800e-01  2.9400e-01  3.7300e-01  5.0740e+00  9.5640e+00  2.4334e+01  4.4400e-01  3.4400e-01  3.0500e-01  6.1300e-01  1.9293e+02  1.9075e+02  1.6203e+02  1.0259e+02  3.1506e+01  0.0000e+00  0.0000e+00  0.0000e+00  0.0000e+00  0.0000e+00  0.0000e+00  0.0000e+00  0.0000e+00  0.0000e+00  0.0000e+00  0.0000e+00  0.0000e+00  0.0000e+00  0.0000e+00  0.0000e+00  0.0000e+00  0.0000e+00  0.0000e+00  0.0000e+00  0.0000e+00  0.0000e+00  0.0000e+00  0.0000e+00  0.0000e+00  0.0000e+00  0.0000e+00  0.0000e+00  0.0000e+00  0.0000e+00  0.0000e+00  0.0000e+00  0.0000e+00  0.0000e+00  0.0000e+00  0.0000e+00  0.0000e+00  0.0000e+00  0.0000e+00  0.0000e+00  0.0000e+00  0.0000e+00  0.0000e+00  0.0000e+00  0.0000e+00  0.0000e+00  0.0000e+00  0.0000e+00  0.0000e+00  0.0000e+00  0.0000e+00  0.0000e+00  0.0000e+00  0.0000e+00  0.0000e+00  0.0000e+00  0.0000e+00  0.0000e+00  0.0000e+00  0.0000e+00  0.0000e+00  0.0000e+00  0.0000e+00  0.0000e+00  0.0000e+00  0.0000e+00  0.0000e+00  0.0000e+00  0.0000e+00  0.0000e+00  0.0000e+00  0.0000e+00  0.0000e+00  0.0000e+00  0.0000e+00  0.0000e+00  0.0000e+00  0.0000e+00  0.0000e+00  0.0000e+00  0.0000e+00  0.0000e+00  0.0000e+00  0.0000e+00  0.0000e+00  0.0000e+00  0.0000e+00  0.0000e+00  0.0000e+00  0.0000e+00  0.0000e+00

FOM
         ix              1           2           3           4           5           6           7           8           9          10          11          12          13          14          15          16          17          18          19          20          21          22          23          24          25          26          27          28          29          30          31          32          33          34          35          36          37          38          39          40          41          42          43          44          45          46          47          48          49          50          51          52          53          54          55          56          57          58          59          60          61          62          63          64          65          66          67          68          69          70          71          72          73          74          75          76          77          78          79          80          81          82          83          84          85          86          87          88          89          90          91          92          93          94          95          96          97          98          99         100         101         102         103         104         105         106         107         108         109         110         111         112         113         114         115         116         117         118         119         120         121         122         123         124         125         126         127         128         129         130         131         132         133         134         135         136         137         138         139         140         141         142         143         144         145         146         147         148         149         150         151         152         153         154         155         156         157         158         159         160         161         162         163         164         165         166         167         168         169         170         171         172         173         174         175         176         177         178         179         180         181         182         183         184         185         186         187         188         189         190         191         192         193         194         195         196         197         198         199         200         201
   it   t/x         -20.00      -19.80      -19.60      -19.40      -19.20      -19.00      -18.80      -18.60      -18.40      -18.20      -18.00      -17.80      -17.60      -17.40      -17.20      -17.00      -16.80      -16.60      -16.40      -16.20      -16.00      -15.80      -15.60      -15.40      -15.20      -15.00      -14.80      -14.60      -14.40      -14.20      -14.00      -13.80      -13.60      -13.40      -13.20      -13.00      -12.80      -12.60      -12.40      -12.20      -12.00      -11.80      -11.60      -11.40      -11.20      -11.00      -10.80      -10.60      -10.40      -10.20      -10.00       -9.80       -9.60       -9.40       -9.20       -9.00       -8.80       -8.60       -8.40       -8.20       -8.00       -7.80       -7.60       -7.40       -7.20       -7.00       -6.80       -6.60       -6.40       -6.20       -6.00       -5.80       -5.60       -5.40       -5.20       -5.00       -4.80       -4.60       -4.40       -4.20       -4.00       -3.80       -3.60       -3.40       -3.20       -3.00       -2.80       -2.60       -2.40       -2.20       -2.00       -1.80       -1.60       -1.40       -1.20       -1.00       -0.80       -0.60       -0.40       -0.20        0.00        0.20        0.40        0.60        0.80        1.00        1.20        1.40        1.60        1.80        2.00        2.20        2.40        2.60        2.80        3.00        3.20        3.40        3.60        3.80        4.00        4.20        4.40        4.60        4.80        5.00        5.20        5.40        5.60        5.80        6.00        6.20        6.40        6.60        6.80        7.00        7.20        7.40        7.60        7.80        8.00        8.20        8.40        8.60        8.80        9.00        9.20        9.40        9.60        9.80       10.00       10.20       10.40       10.60       10.80       11.00       11.20       11.40       11.60       11.80       12.00       12.20       12.40       12.60       12.80       13.00       13.20       13.40       13.60       13.80       14.00       14.20       14.40       14.60       14.80       15.00       15.20       15.40       15.60       15.80       16.00       16.20       16.40       16.60       16.80       17.00       17.20       17.40       17.60       17.80       18.00       18.20       18.40       18.60       18.80       19.00       19.20       19.40       19.60       19.80       20.00
     1    0.50  0.0000e+00  0.0000e+00  0.0000e+00  0.0000e+00  0.0000e+00  0.0000e+00  0.0000e+00  0.0000e+00  0.0000e+00  0.0000e+00  0.0000e+00  0.0000e+00  0.0000e+00  0.0000e+00  0.0000e+00  0.0000e+00  0.0000e+00  0.0000e+00  0.0000e+00  0.0000e+00  0.0000e+00  0.0000e+00  0.0000e+00  0.0000e+00  0.0000e+00  0.0000e+00  0.0000e+00  0.0000e+00  0.0000e+00  0.0000e+00  0.0000e+00  0.0000e+00  0.0000e+00  0.0000e+00  0.0000e+00  0.0000e+00  0.0000e+00  0.0000e+00  0.0000e+00  0.0000e+00  0.0000e+00  0.0000e+00  0.0000e+00  0.0000e+00  0.0000e+00  0.0000e+00  0.0000e+00  0.0000e+00  0.0000e+00  0.0000e+00  0.0000e+00  0.0000e+00  0.0000e+00  0.0000e+00  0.0000e+00  0.0000e+00  0.0000e+00  0.0000e+00  0.0000e+00  0.0000e+00  0.0000e+00  0.0000e+00  0.0000e+00  0.0000e+00  0.0000e+00  0.0000e+00  0.0000e+00  0.0000e+00  0.0000e+00  0.0000e+00  0.0000e+00  0.0000e+00  0.0000e+00  0.0000e+00  0.0000e+00  0.0000e+00  0.0000e+00  0.0000e+00  0.0000e+00  0.0000e+00  0.0000e+00  0.0000e+00  0.0000e+00  0.0000e+00  0.0000e+00  0.0000e+00  0.0000e+00  0.0000e+00  0.0000e+00  0.0000e+00  0.0000e+00  0.0000e+00  0.0000e+00  0.0000e+00  0.0000e+00  1.2196e-02  6.2554e-02  1.5542e-01  2.6140e-01  4.0550e-01  9.7473e-01  4.4685e-01  2.9499e-01  1.5409e-01  6.7113e-02  1.4401e-02  0.0000e+00  0.0000e+00  0.0000e+00  0.0000e+00  0.0000e+00  0.0000e+00  0.0000e+00  0.0000e+00  0.0000e+00  0.0000e+00  0.0000e+00  0.0000e+00  0.0000e+00  0.0000e+00  0.0000e+00  0.0000e+00  0.0000e+00  0.0000e+00  0.0000e+00  0.0000e+00  0.0000e+00  0.0000e+00  0.0000e+00  0.0000e+00  0.0000e+00  0.0000e+00  0.0000e+00  0.0000e+00  0.0000e+00  0.0000e+00  0.0000e+00  0.0000e+00  0.0000e+00  0.0000e+00  0.0000e+00  0.0000e+00  0.0000e+00  0.0000e+00  0.0000e+00  0.0000e+00  0.0000e+00  0.0000e+00  0.0000e+00  0.0000e+00  0.0000e+00  0.0000e+00  0.0000e+00  0.0000e+00  0.0000e+00  0.0000e+00  0.0000e+00  0.0000e+00  0.0000e+00  0.0000e+00  0.0000e+00  0.0000e+00  0.0000e+00  0.0000e+00  0.0000e+00  0.0000e+00  0.0000e+00  0.0000e+00  0.0000e+00  0.0000e+00  0.0000e+00  0.0000e+00  0.0000e+00  0.0000e+00  0.0000e+00  0.0000e+00  0.0000e+00  0.0000e+00  0.0000e+00  0.0000e+00  0.0000e+00  0.0000e+00  0.0000e+00  0.0000e+00  0.0000e+00  0.0000e+00  0.0000e+00  0.0000e+00  0.0000e+00  0.0000e+00  0.0000e+00  0.0000e+00  0.0000e+00  0.0000e+00  0.0000e+00  0.0000e+00  0.0000e+00  0.0000e+00  0.0000e+00  0.0000e+00  0.0000e+00
     2    1.50  0.0000e+00  0.0000e+00  0.0000e+00  0.0000e+00  0.0000e+00  0.0000e+00  0.0000e+00  0.0000e+00  0.0000e+00  0.0000e+00  0.0000e+00  0.0000e+00  0.0000e+00  0.0000e+00  0.0000e+00  0.0000e+00  0.0000e+00  0.0000e+00  0.0000e+00  0.0000e+00  0.0000e+00  0.0000e+00  0.0000e+00  0.0000e+00  0.0000e+00  0.0000e+00  0.0000e+00  0.0000e+00  0.0000e+00  0.0000e+00  0.0000e+00  0.0000e+00  0.0000e+00  0.0000e+00  0.0000e+00  0.0000e+00  0.0000e+00  0.0000e+00  0.0000e+00  0.0000e+00  0.0000e+00  0.0000e+00  0.0000e+00  0.0000e+00  0.0000e+00  0.0000e+00  0.0000e+00  0.0000e+00  0.0000e+00  0.0000e+00  0.0000e+00  0.0000e+00  0.0000e+00  0.0000e+00  0.0000e+00  0.0000e+00  0.0000e+00  0.0000e+00  0.0000e+00  0.0000e+00  0.0000e+00  0.0000e+00  0.0000e+00  0.0000e+00  0.0000e+00  0.0000e+00  0.0000e+00  0.0000e+00  0.0000e+00  0.0000e+00  0.0000e+00  0.0000e+00  0.0000e+00  0.0000e+00  0.0000e+00  0.0000e+00  0.0000e+00  0.0000e+00  0.0000e+00  0.0000e+00  0.0000e+00  0.0000e+00  0.0000e+00  0.0000e+00  0.0000e+00  0.0000e+00  0.0000e+00  0.0000e+00  0.0000e+00  0.0000e+00  3.1684e-03  1.2406e-02  2.5484e-02  4.5233e-02  7.6221e-02  8.7935e-02  8.9696e-02  1.0039e-01  1.1476e-01  1.3666e-01  1.4503e-01  1.4834e-01  9.8476e-02  9.6560e-02  7.3829e-02  7.7194e-02  6.7432e-02  4.4983e-02  2.8169e-02  1.5180e-02  3.0615e-03  0.0000e+00  0.0000e+00  0.0000e+00  0.0000e+00  0.0000e+00  0.0000e+00  0.0000e+00  0.0000e+00  0.0000e+00  0.0000e+00  0.0000e+00  0.0000e+00  0.0000e+00  0.0000e+00  0.0000e+00  0.0000e+00  0.0000e+00  0.0000e+00  0.0000e+00  0.0000e+00  0.0000e+00  0.0000e+00  0.0000e+00  0.0000e+00  0.0000e+00  0.0000e+00  0.0000e+00  0.0000e+00  0.0000e+00  0.0000e+00  0.0000e+00  0.0000e+00  0.0000e+00  0.0000e+00  0.0000e+00  0.0000e+00  0.0000e+00  0.0000e+00  0.0000e+00  0.0000e+00  0.0000e+00  0.0000e+00  0.0000e+00  0.0000e+00  0.0000e+00  0.0000e+00  0.0000e+00  0.0000e+00  0.0000e+00  0.0000e+00  0.0000e+00  0.0000e+00  0.0000e+00  0.0000e+00  0.0000e+00  0.0000e+00  0.0000e+00  0.0000e+00  0.0000e+00  0.0000e+00  0.0000e+00  0.0000e+00  0.0000e+00  0.0000e+00  0.0000e+00  0.0000e+00  0.0000e+00  0.0000e+00  0.0000e+00  0.0000e+00  0.0000e+00  0.0000e+00  0.0000e+00  0.0000e+00  0.0000e+00  0.0000e+00  0.0000e+00  0.0000e+00  0.0000e+00  0.0000e+00  0.0000e+00  0.0000e+00  0.0000e+00  0.0000e+00  0.0000e+00  0.0000e+00  0.0000e+00  0.0000e+00  0.0000e+00  0.0000e+00

n_t
         ix              1           2           3           4           5           6           7           8           9          10          11          12          13          14          15          16          17          18          19          20          21          22          23          24          25          26          27          28          29          30          31          32          33          34          35          36          37          38          39          40          41          42          43          44          45          46          47          48          49          50          51          52          53          54          55          56          57          58          59          60          61          62          63          64          65          66          67          68          69          70          71          72          73          74          75          76          77          78          79          80          81          82          83          84          85          86          87          88          89          90          91          92          93          94          95          96          97          98          99         100         101         102         103         104         105         106         107         108         109         110         111         112         113         114         115         116         117         118         119         120         121         122         123         124         125         126         127         128         129         130         131         132         133         134         135         136         137         138         139         140         141         142         143         144         145         146         147         148         149         150         151         152         153         154         155         156         157         158         159         160         161         162         163         164         165         166         167         168         169         170         171         172         173         174         175         176         177         178         179         180         181         182         183         184         185         186         187         188         189         190         191         192         193         194         195         196         197         198         199         200         201
   it   t/x         -20.00      -19.80      -19.60      -19.40      -19.20      -19.00      -18.80      -18.60      -18.40      -18.20      -18.00      -17.80      -17.60      -17.40      -17.20      -17.00      -16.80      -16.60      -16.40      -16.20      -16.00      -15.80      -15.60      -15.40      -15.20      -15.00      -14.80      -14.60      -14.40      -14.20      -14.00      -13.80      -13.60      -13.40      -13.20      -13.00      -12.80      -12.60      -12.40      -12.20      -12.00      -11.80      -11.60      -11.40      -11.20      -11.00      -10.80      -10.60      -10.40      -10.20      -10.00       -9.80       -9.60       -9.40       -9.20       -9.00       -8.80       -8.60       -8.40       -8.20       -8.00       -7.80       -7.60       -7.40       -7.20       -7.00       -6.80       -6.60       -6.40       -6.20       -6.00       -5.80       -5.60       -5.40       -5.20       -5.00       -4.80       -4.60       -4.40       -4.20       -4.00       -3.80       -3.60       -3.40       -3.20       -3.00       -2.80       -2.60       -2.40       -2.20       -2.00       -1.80       -1.60       -1.40       -1.20       -1.00       -0.80       -0.60       -0.40       -0.20        0.00        0.20        0.40        0.60        0.80        1.00        1.20        1.40        1.60        1.80        2.00        2.20        2.40        2.60        2.80        3.00        3.20        3.40        3.60        3.80        4.00        4.20        4.40        4.60        4.80        5.00        5.20        5.40        5.60        5.80        6.00        6.20        6.40        6.60        6.80        7.00        7.20        7.40        7.60        7.80        8.00        8.20        8.40        8.60        8.80        9.00        9.20        9.40        9.60        9.80       10.00       10.20       10.40       10.60       10.80       11.00       11.20       11.40       11.60       11.80       12.00       12.20       12.40       12.60       12.80       13.00       13.20       13.40       13.60       13.80       14.00       14.20       14.40       14.60       14.80       15.00       15.20       15.40       15.60       15.80       16.00       16.20       16.40       16.60       16.80       17.00       17.20       17.40       17.60       17.80       18.00       18.20       18.40       18.60       18.80       19.00       19.20       19.40       19.60       19.80       20.00
     1    0.50  0.0000e+00  0.0000e+00  0.0000e+00  0.0000e+00  0.0000e+00  0.0000e+00  0.0000e+00  0.0000e+00  0.0000e+00  0.0000e+00  0.0000e+00  0.0000e+00  0.0000e+00  0.0000e+00  0.0000e+00  0.0000e+00  0.0000e+00  0.0000e+00  0.0000e+00  0.0000e+00  0.0000e+00  0.0000e+00  0.0000e+00  0.0000e+00  0.0000e+00  0.0000e+00  0.0000e+00  0.0000e+00  0.0000e+00  0.0000e+00  0.0000e+00  0.0000e+00  0.0000e+00  0.0000e+00  0.0000e+00  0.0000e+00  0.0000e+00  0.0000e+00  0.0000e+00  0.0000e+00  0.0000e+00  0.0000e+00  0.0000e+00  0.0000e+00  0.0000e+00  0.0000e+00  0.0000e+00  0.0000e+00  0.0000e+00  0.0000e+00  0.0000e+00  0.0000e+00  0.0000e+00  0.0000e+00  0.0000e+00  0.0000e+00  0.0000e+00  0.0000e+00  0.0000e+00  0.0000e+00  0.0000e+00  0.0000e+00  0.0000e+00  0.0000e+00  0.0000e+00  0.0000e+00  0.0000e+00  0.0000e+00  0.0000e+00  0.0000e+00  0.0000e+00  0.0000e+00  0.0000e+00  0.0000e+00  0.0000e+00  0.0000e+00  0.0000e+00  0.0000e+00  0.0000e+00  0.0000e+00  0.0000e+00  0.0000e+00  0.0000e+00  0.0000e+00  0.0000e+00  0.0000e+00  0.0000e+00  0.0000e+00  0.0000e+00  0.0000e+00  0.0000e+00  0.0000e+00  0.0000e+00  0.0000e+00  0.0000e+00  0.0000e+00  0.0000e+00  0.0000e+00  0.0000e+00  0.0000e+00  0.0000e+00  0.0000e+00  0.0000e+00  0.0000e+00  0.0000e+00  0.0000e+00  0.0000e+00  0.0000e+00  0.0000e+00  0.0000e+00  0.0000e+00  0.0000e+00  0.0000e+00  0.0000e+00  0.0000e+00  0.0000e+00  0.0000e+00  0.0000e+00  0.0000e+00  0.0000e+00  0.0000e+00  0.0000e+00  0.0000e+00  0.0000e+00  0.0000e+00  0.0000e+00  0.0000e+00  0.0000e+00  0.0000e+00  0.0000e+00  0.0000e+00  0.0000e+00  0.0000e+00  0.0000e+00  0.0000e+00  0.0000e+00  0.0000e+00  0.0000e+00  0.0000e+00  0.0000e+00  0.0000e+00  0.0000e+00  0.0000e+00  0.0000e+00  0.0000e+00  0.0000e+00  0.0000e+00  0.0000e+00  0.0000e+00  0.0000e+00  0.0000e+00  0.0000e+00  0.0000e+00  0.0000e+00  0.0000e+00  0.0000e+00  0.0000e+00  0.0000e+00  0.0000e+00  0.0000e+00  0.0000e+00  0.0000e+00  0.0000e+00  0.0000e+00  0.0000e+00  0.0000e+00  0.0000e+00  0.0000e+00  0.0000e+00  0.0000e+00  0.0000e+00  0.0000e+00  0.0000e+00  0.0000e+00  0.0000e+00  0.0000e+00  0.0000e+00  0.0000e+00  0.0000e+00  0.0000e+00  0.0000e+00  0.0000e+00  0.0000e+00  0.0000e+00  0.0000e+00  0.0000e+00  0.0000e+00  0.0000e+00  0.0000e+00  0.0000e+00  0.0000e+00  0.0000e+00  0.0000e+00  0.0000e+00  0.0000e+00  0.0000e+00  0.0000e+00  0.0000e+00  0.0000e+00  0.0000e+00  0.0000e+00
     2    1.50  0.0000e+00  0.0000e+00  0.0000e+00  0.0000e+00  0.0000e+00  0.0000e+00  0.0000e+00  0.0000e+00  0.0000e+00  0.0000e+00  0.0000e+00  0.0000e+00  0.0000e+00  0.0000e+00  0.0000e+00  0.0000e+00  0.0000e+00  0.0000e+00  0.0000e+00  0.0000e+00  0.0000e+00  0.0000e+00  0.0000e+00  0.0000e+00  0.0000e+00  0.0000e+00  0.0000e+00  0.0000e+00  0.0000e+00  0.0000e+00  0.0000e+00  0.0000e+00  0.0000e+00  0.0000e+00  0.0000e+00  0.0000e+00  0.0000e+00  0.0000e+00  0.0000e+00  0.0000e+00  0.0000e+00  0.0000e+00  0.0000e+00  0.0000e+00  0.0000e+00  0.0000e+00  0.0000e+00  0.0000e+00  0.0000e+00  0.0000e+00  0.0000e+00  0.0000e+00  0.0000e+00  0.0000e+00  0.0000e+00  0.0000e+00  0.0000e+00  0.0000e+00  0.0000e+00  0.0000e+00  0.0000e+00  0.0000e+00  0.0000e+00  0.0000e+00  0.0000e+00  0.0000e+00  0.0000e+00  0.0000e+00  0.0000e+00  0.0000e+00  0.0000e+00  0.0000e+00  0.0000e+00  0.0000e+00  0.0000e+00  0.0000e+00  0.0000e+00  0.0000e+00  0.0000e+00  0.0000e+00  0.0000e+00  0.0000e+00  0.0000e+00  0.0000e+00  0.0000e+00  0.0000e+00  0.0000e+00  0.0000e+00  0.0000e+00  0.0000e+00  0.0000e+00  0.0000e+00  0.0000e+00  0.0000e+00  0.0000e+00  2.5000e-02  9.0000e-02  1.5900e-01  1.6000e-01  1.8000e-01  1.5500e-01  1.9500e-01  1.8000e-01  1.7300e-01  9.7000e-02  2.5000e-02  0.0000e+00  0.0000e+00  0.0000e+00  0.0000e+00  0.0000e+00  0.0000e+00  0.0000e+00  0.0000e+00  0.0000e+00  0.0000e+00  0.0000e+00  0.0000e+00  0.0000e+00  0.0000e+00  0.0000e+00  0.0000e+00  0.0000e+00  0.0000e+00  0.0000e+00  0.0000e+00  0.0000e+00  0.0000e+00  0.0000e+00  0.0000e+00  0.0000e+00  0.0000e+00  0.0000e+00  0.0000e+00  0.0000e+00  0.0000e+00  0.0000e+00  0.0000e+00  0.0000e+00  0.0000e+00  0.0000e+00  0.0000e+00  0.0000e+00  0.0000e+00  0.0000e+00  0.0000e+00  0.0000e+00  0.0000e+00  0.0000e+00  0.0000e+00  0.0000e+00  0.0000e+00  0.0000e+00  0.0000e+00  0.0000e+00  0.0000e+00  0.0000e+00  0.0000e+00  0.0000e+00  0.0000e+00  0.0000e+00  0.0000e+00  0.0000e+00  0.0000e+00  0.0000e+00  0.0000e+00  0.0000e+00  0.0000e+00  0.0000e+00  0.0000e+00  0.0000e+00  0.0000e+00  0.0000e+00  0.0000e+00  0.0000e+00  0.0000e+00  0.0000e+00  0.0000e+00  0.0000e+00  0.0000e+00  0.0000e+00  0.0000e+00  0.0000e+00  0.0000e+00  0.0000e+00  0.0000e+00  0.0000e+00  0.0000e+00  0.0000e+00  0.0000e+00  0.0000e+00  0.0000e+00  0.0000e+00  0.0000e+00  0.0000e+00  0.0000e+00  0.0000e+00  0.0000e+00  0.0000e+00  0.0000e+00  0.0000e+00

